0.01, 627, 0.012026
0.01, 412, 0.008278
0.01, 421, 0.007904
0.01, 419, 0.009069
0.01, 367, 0.006959
0.01, 301, 0.005607
0.01, 239, 0.004491
0.01, 515, 0.009986
0.01, 427, 0.008892
0.01, 447, 0.008651
0.01, 449, 0.008519
0.01, 360, 0.007128
0.01, 390, 0.008144
0.01, 277, 0.00518
0.01, 328, 0.007414
0.01, 484, 0.009094
0.01, 432, 0.008208
0.01, 434, 0.008254
0.01, 293, 0.005565
0.02, 677, 0.012671
0.02, 660, 0.013556
0.02, 932, 0.017773
0.02, 587, 0.011928
0.02, 834, 0.015525
0.02, 691, 0.013609
0.02, 755, 0.014695
0.02, 690, 0.013326
0.02, 523, 0.009897
0.02, 846, 0.016744
0.02, 616, 0.011556
0.02, 485, 0.009183
0.02, 561, 0.011573
0.02, 634, 0.011876
0.02, 535, 0.009977
0.02, 644, 0.01237
0.02, 751, 0.015203
0.02, 614, 0.011463
0.02, 605, 0.011413
0.03, 1839, 0.03516
0.03, 2645, 0.050725
0.03, 1125, 0.022043
0.03, 1449, 0.027094
0.03, 1360, 0.026188
0.03, 1477, 0.027931
0.03, 4503, 0.086094
0.03, 1276, 0.023466
0.03, 928, 0.017356
0.03, 1303, 0.025336
0.03, 1907, 0.03501
0.03, 2780, 0.051818
0.03, 1962, 0.035844
0.03, 2038, 0.037499
0.03, 1408, 0.025958
0.03, 2556, 0.047227
0.03, 1806, 0.033205
0.03, 562, 0.010487
0.03, 1267, 0.023211
0.04, 2441, 0.043425
0.04, 2675, 0.04782
0.04, 9195, 0.162539
0.04, 2485, 0.045638
0.04, 9111, 0.169722
0.04, 49050, 0.892296
0.04, 54513, 0.997448
0.04, 15131, 0.26815
0.04, 9340, 0.164388
0.04, 1746, 0.030997
0.04, 43897, 0.792628
0.04, 47650, 0.879224
0.04, 10290, 0.187005
0.04, 14546, 0.25719
0.04, 9086, 0.160995
0.04, 7295, 0.129057
0.04, 7826, 0.139917
0.04, 3577, 0.062816
0.04, 5985, 0.106492
0.05, 4111187, 70.193977
