0.01, 166, 0.001806
0.01, 141, 0.001461
0.01, 224, 0.002379
0.01, 136, 0.001409
0.01, 148, 0.001541
0.01, 108, 0.001168
0.01, 145, 0.001586
0.01, 80, 0.000893
0.01, 106, 0.001201
0.01, 142, 0.001569
0.01, 177, 0.001995
0.01, 209, 0.002264
0.01, 254, 0.002943
0.01, 177, 0.002281
0.01, 311, 0.004672
0.01, 121, 0.001322
0.01, 152, 0.001674
0.01, 134, 0.001423
0.01, 253, 0.002793
0.02, 167, 0.001802
0.02, 175, 0.001873
0.02, 108, 0.001154
0.02, 108, 0.001158
0.02, 186, 0.002003
0.02, 145, 0.001497
0.02, 419, 0.004482
0.02, 200, 0.002264
0.02, 210, 0.002299
0.02, 169, 0.001938
0.02, 222, 0.003503
0.02, 153, 0.001653
0.02, 146, 0.001561
0.02, 204, 0.00218
0.02, 214, 0.00228
0.02, 269, 0.002781
0.02, 161, 0.001704
0.02, 151, 0.001585
0.02, 113, 0.001237
0.03, 217, 0.002306
0.03, 284, 0.003272
0.03, 301, 0.003441
0.03, 245, 0.002576
0.03, 174, 0.001839
0.03, 168, 0.00215
0.03, 189, 0.003075
0.03, 174, 0.001869
0.03, 157, 0.001748
0.03, 221, 0.002435
0.03, 136, 0.00142
0.03, 245, 0.002547
0.03, 257, 0.003217
0.03, 226, 0.003613
0.03, 243, 0.003301
0.03, 269, 0.002854
0.03, 161, 0.001693
0.03, 275, 0.002905
0.03, 245, 0.00258
0.04, 406, 0.004139
0.04, 185, 0.002102
0.04, 253, 0.002754
0.04, 300, 0.003146
0.04, 329, 0.003622
0.04, 246, 0.003866
0.04, 172, 0.002243
0.04, 174, 0.00183
0.04, 170, 0.001814
0.04, 244, 0.002483
0.04, 263, 0.00273
0.04, 281, 0.002925
0.04, 287, 0.002946
0.04, 301, 0.003067
0.04, 335, 0.00347
0.04, 557, 0.005732
0.04, 261, 0.002859
0.04, 600, 0.006408
0.04, 215, 0.002185
0.05, 365, 0.003827
0.05, 282, 0.003798
0.05, 351, 0.004387
0.05, 344, 0.003637
0.05, 519, 0.005336
0.05, 597, 0.006085
0.05, 497, 0.005219
0.05, 505, 0.005135
0.05, 445, 0.004875
0.05, 331, 0.003334
0.05, 284, 0.002876
0.05, 334, 0.003416
0.05, 237, 0.002567
0.05, 327, 0.00478
0.05, 311, 0.0032
0.05, 541, 0.005486
0.05, 329, 0.003373
0.05, 699, 0.007033
0.05, 292, 0.003014
0.06, 578, 0.005842
0.06, 879, 0.009187
0.06, 349, 0.003389
0.06, 505, 0.006109
0.06, 938, 0.010622
0.06, 703, 0.007169
0.06, 796, 0.008081
0.06, 1318, 0.013979
0.06, 803, 0.008062
0.06, 672, 0.00865
0.06, 591, 0.006006
0.06, 589, 0.005918
0.06, 369, 0.003744
0.06, 664, 0.007358
0.06, 306, 0.003957
0.06, 2132, 0.022801
0.06, 1029, 0.010763
0.06, 620, 0.0063
0.06, 421, 0.004214
0.07, 881, 0.010336
0.07, 448, 0.00452
0.07, 840, 0.008177
0.07, 711, 0.007528
0.07, 627, 0.006538
0.07, 1197, 0.012956
0.07, 261, 0.002585
0.07, 644, 0.006606
0.07, 592, 0.006102
0.07, 589, 0.006468
0.07, 2742, 0.02973
0.07, 426, 0.004348
0.07, 1878, 0.020234
0.07, 682, 0.007519
0.07, 857, 0.008859
0.07, 430, 0.004404
0.07, 1540, 0.015368
0.07, 1958, 0.020535
0.07, 982, 0.010479
0.08, 6253, 0.063731
0.08, 2436, 0.023788
0.08, 2620, 0.026379
0.08, 1258, 0.012483
0.08, 892, 0.008827
0.08, 2822, 0.028976
0.08, 2234, 0.02255
0.08, 2871, 0.029511
0.08, 3441, 0.034205
0.08, 2397, 0.02552
0.08, 2447, 0.024434
0.08, 1718, 0.018033
0.08, 2404, 0.025263
0.08, 1261, 0.012686
0.08, 1336, 0.014212
0.08, 2732, 0.027821
0.08, 2217, 0.023924
0.08, 2054, 0.021428
0.08, 687, 0.007519
0.09, 3877, 0.038458
0.09, 791, 0.008195
0.09, 7364, 0.073878
0.09, 9884, 0.097341
0.09, 5461, 0.058978
0.09, 7699, 0.079324
0.09, 7402, 0.075197
0.09, 2972, 0.029683
0.09, 6008, 0.059947
0.09, 4962, 0.049721
0.09, 5720, 0.059746
0.09, 5673, 0.057553
0.09, 10694, 0.111381
0.09, 8502, 0.084721
0.09, 16207, 0.161934
0.09, 2524, 0.025592
0.09, 15460, 0.153259
0.09, 9810, 0.101489
0.09, 2335, 0.022954
0.1, 59444, 0.574497
0.1, 62484, 0.601787
0.1, 123652, 1.19395
0.1, 19466, 0.191934
0.1, 6721, 0.067251
0.1, 3599, 0.035201
0.1, 85404, 0.834585
0.1, 8583, 0.084558
0.1, 40787, 0.390675
0.1, 13354, 0.129409
0.1, 96226, 0.914561
0.1, 33400, 0.324818
0.1, 61953, 0.596678
0.1, 9790, 0.097129
0.1, 27419, 0.265913
0.1, 43655, 0.422522
0.1, 5379, 0.05277
0.1, 13494, 0.132413
0.1, 41855, 0.401987
0.11, 788518, 7.498132
0.11, 34988, 0.334865
0.11, 249002, 2.415051
0.11, 152907, 1.462609
0.11, 185037, 1.755058
0.11, 433099, 4.142932
0.11, 122621, 1.171971
0.11, 165370, 1.56738
0.11, 157270, 1.503259
0.11, 328804, 3.202472
0.11, 178459, 1.793036
0.11, 219206, 2.185709
0.11, 37669, 0.360944
0.11, 177259, 1.720922
0.11, 62273, 0.606478
0.11, 209103, 2.033431
0.11, 105180, 1.055342
0.11, 199613, 2.067583
0.11, 171624, 1.708829
0.12, 50951, 0.488154
0.12, 327669, 3.387816
0.12, 4070827, 39.867942
0.12, 1764519, 17.315257
0.12, 851397, 8.293062
0.12, 1923400, 19.043024
0.12, 1382060, 13.384195
0.12, 592162, 5.764236
0.12, 613201, 5.929693
0.12, 1129396, 11.242925
0.12, 872536, 8.624501
0.12, 2063339, 19.889106
0.12, 6017597, 60.009743
0.12, 850322, 8.540696
0.12, 329857, 3.139509
0.12, 2909815, 28.131106
0.12, 1079228, 10.443155
0.12, 5693445, 55.334322
0.12, 1608902, 15.56507
0.13, 826010, 8.443233
0.13, 7155901, 68.704393
