0.01, 108, 0.001184
0.01, 246, 0.002789
0.01, 113, 0.001214
0.01, 203, 0.00239
0.01, 274, 0.003
0.01, 134, 0.001531
0.01, 158, 0.001833
0.01, 217, 0.002414
0.01, 115, 0.001254
0.01, 108, 0.001261
0.01, 109, 0.001188
0.01, 179, 0.001958
0.01, 125, 0.001367
0.01, 171, 0.001971
0.01, 155, 0.001779
0.01, 194, 0.002232
0.01, 216, 0.002349
0.01, 278, 0.003141
0.01, 97, 0.001153
0.02, 114, 0.001829
0.02, 141, 0.002196
0.02, 234, 0.00258
0.02, 268, 0.002853
0.02, 176, 0.00193
0.02, 104, 0.001127
0.02, 143, 0.00151
0.02, 198, 0.002182
0.02, 146, 0.001653
0.02, 253, 0.002899
0.02, 231, 0.002473
0.02, 164, 0.001739
0.02, 161, 0.001709
0.02, 239, 0.002568
0.02, 176, 0.001888
0.02, 191, 0.002265
0.02, 262, 0.003984
0.02, 198, 0.002187
0.02, 182, 0.001938
0.03, 244, 0.00265
0.03, 184, 0.00205
0.03, 155, 0.0018
0.03, 183, 0.002113
0.03, 165, 0.001767
0.03, 300, 0.003219
0.03, 211, 0.002243
0.03, 351, 0.003847
0.03, 221, 0.002397
0.03, 180, 0.001982
0.03, 292, 0.004377
0.03, 184, 0.002051
0.03, 181, 0.002068
0.03, 191, 0.002047
0.03, 150, 0.001592
0.03, 362, 0.003934
0.03, 185, 0.002621
0.03, 223, 0.003075
0.03, 190, 0.002069
0.04, 260, 0.002744
0.04, 197, 0.00211
0.04, 251, 0.002624
0.04, 314, 0.003356
0.04, 398, 0.004206
0.04, 150, 0.001568
0.04, 353, 0.00399
0.04, 187, 0.002024
0.04, 273, 0.002976
0.04, 232, 0.003716
0.04, 214, 0.00233
0.04, 245, 0.00262
0.04, 134, 0.001413
0.04, 397, 0.004234
0.04, 588, 0.006211
0.04, 246, 0.002585
0.04, 221, 0.002328
0.04, 169, 0.001754
0.04, 459, 0.005184
0.05, 360, 0.005174
0.05, 885, 0.009467
0.05, 432, 0.004622
0.05, 658, 0.006869
0.05, 270, 0.002819
0.05, 845, 0.009184
0.05, 377, 0.003892
0.05, 264, 0.002793
0.05, 610, 0.006347
0.05, 570, 0.007608
0.05, 294, 0.003047
0.05, 344, 0.003659
0.05, 389, 0.004141
0.05, 509, 0.00549
0.05, 369, 0.003847
0.05, 432, 0.004561
0.05, 597, 0.007755
0.05, 259, 0.002709
0.05, 519, 0.005544
0.06, 344, 0.00357
0.06, 651, 0.006731
0.06, 1025, 0.012493
0.06, 501, 0.005302
0.06, 317, 0.003356
0.06, 382, 0.003945
0.06, 1142, 0.011799
0.06, 1354, 0.014271
0.06, 478, 0.005014
0.06, 795, 0.01012
0.06, 291, 0.003022
0.06, 319, 0.003275
0.06, 595, 0.006067
0.06, 396, 0.004102
0.06, 409, 0.004324
0.06, 649, 0.00835
0.06, 883, 0.009274
0.06, 1339, 0.014043
0.06, 889, 0.009527
0.07, 3498, 0.037807
0.07, 2880, 0.032055
0.07, 595, 0.006294
0.07, 1425, 0.01494
0.07, 903, 0.009425
0.07, 778, 0.00788
0.07, 1037, 0.011151
0.07, 486, 0.004992
0.07, 1600, 0.016876
0.07, 552, 0.005617
0.07, 800, 0.008151
0.07, 1195, 0.012987
0.07, 1005, 0.010342
0.07, 959, 0.009956
0.07, 1393, 0.014468
0.07, 807, 0.008343
0.07, 896, 0.010313
0.07, 1050, 0.010853
0.07, 1864, 0.02046
0.08, 3972, 0.039922
0.08, 371, 0.003868
0.08, 4177, 0.044058
0.08, 802, 0.008868
0.08, 1556, 0.015874
0.08, 2958, 0.030308
0.08, 920, 0.010073
0.08, 985, 0.009865
0.08, 2697, 0.02765
0.08, 1438, 0.015243
0.08, 969, 0.010236
0.08, 1734, 0.017961
0.08, 2420, 0.025255
0.08, 3494, 0.036018
0.08, 3135, 0.031328
0.08, 2706, 0.028151
0.08, 1911, 0.019154
0.08, 1653, 0.017089
0.08, 809, 0.008131
0.09, 1123, 0.011778
0.09, 6855, 0.068676
0.09, 2976, 0.029432
0.09, 1709, 0.017726
0.09, 10261, 0.103955
0.09, 1178, 0.017735
0.09, 9606, 0.09935
0.09, 10563, 0.105595
0.09, 3063, 0.030496
0.09, 6434, 0.065131
0.09, 3418, 0.033824
0.09, 1115, 0.012005
0.09, 2075, 0.02034
0.09, 2981, 0.030556
0.09, 1795, 0.018123
0.09, 4663, 0.047139
0.09, 5225, 0.052505
0.09, 918, 0.009366
0.09, 4985, 0.049519
0.1, 25075, 0.246208
0.1, 116279, 1.133926
0.1, 55964, 0.551431
0.1, 10801, 0.107086
0.1, 19424, 0.191018
0.1, 11208, 0.111153
0.1, 22569, 0.222319
0.1, 45928, 0.454114
0.1, 25662, 0.252058
0.1, 2688, 0.026348
0.1, 21015, 0.206803
0.1, 30206, 0.296624
0.1, 4330, 0.042704
0.1, 6474, 0.065566
0.1, 85390, 0.835854
0.1, 8562, 0.085112
0.1, 65848, 0.647862
0.1, 13150, 0.130222
0.1, 1542, 0.015081
0.11, 402784, 3.97215
0.11, 62845, 0.615675
0.11, 729184, 7.050836
0.11, 130541, 1.260718
0.11, 63775, 0.617094
0.11, 173054, 1.674797
0.11, 418766, 4.063419
0.11, 375316, 3.653167
0.11, 100421, 0.969687
0.11, 671165, 6.501085
0.11, 767048, 7.492863
0.11, 215084, 2.064545
0.11, 523073, 5.024444
0.11, 113967, 1.095783
0.11, 561455, 5.432528
0.11, 293781, 2.849557
0.11, 145075, 1.415462
0.11, 52135, 0.505008
0.11, 189525, 1.836607
0.12, 2406528, 23.429833
0.12, 1512692, 14.540127
0.12, 6744190, 66.355019
0.12, 1416698, 14.229223
0.12, 4194408, 42.141011
0.12, 9152484, 93.044447
0.12, 2061334, 20.531824
0.12, 2359522, 23.164305
0.12, 200901, 1.917728
0.12, 1420487, 13.952041
0.12, 1149626, 11.16406
0.12, 2571364, 25.506023
0.12, 782148, 7.779301
0.12, 826047, 8.093907
0.12, 3079705, 29.758762
0.12, 1374986, 13.359746
0.12, 229715, 2.292007
0.12, 135588, 1.315036
0.12, 763581, 7.506601
0.13, 22512430, 217.434532
0.13, 13435004, 130.709931
0.13, 4660152, 45.163696
0.13, 17195747, 165.742101
0.13, 11802174, 112.400754
0.13, 8013493, 76.55406
