0.01, 147, 0.001656
0.01, 154, 0.002019
0.01, 209, 0.002472
0.01, 171, 0.001842
0.01, 136, 0.001486
0.01, 108, 0.001358
0.01, 101, 0.001256
0.01, 107, 0.001256
0.01, 100, 0.001133
0.01, 100, 0.001114
0.01, 207, 0.002243
0.01, 138, 0.001635
0.01, 127, 0.001407
0.01, 154, 0.001654
0.01, 152, 0.001678
0.01, 86, 0.000927
0.01, 229, 0.002585
0.01, 128, 0.001462
0.01, 96, 0.001141
0.02, 170, 0.001982
0.02, 162, 0.001893
0.02, 307, 0.003529
0.02, 210, 0.002406
0.02, 204, 0.003471
0.02, 126, 0.001425
0.02, 141, 0.001585
0.02, 236, 0.002835
0.02, 148, 0.001641
0.02, 139, 0.001621
0.02, 133, 0.001517
0.02, 159, 0.001708
0.02, 193, 0.002097
0.02, 224, 0.002414
0.02, 134, 0.001439
0.02, 247, 0.002725
0.02, 99, 0.001078
0.02, 169, 0.001814
0.02, 152, 0.001675
0.03, 220, 0.002299
0.03, 197, 0.002099
0.03, 278, 0.003269
0.03, 120, 0.001358
0.03, 214, 0.002474
0.03, 139, 0.001647
0.03, 177, 0.002099
0.03, 300, 0.003444
0.03, 189, 0.002047
0.03, 233, 0.002471
0.03, 138, 0.001485
0.03, 151, 0.00166
0.03, 203, 0.002226
0.03, 227, 0.002432
0.03, 522, 0.005721
0.03, 144, 0.001537
0.03, 231, 0.002589
0.03, 214, 0.002456
0.03, 262, 0.002773
0.04, 260, 0.002677
0.04, 238, 0.002519
0.04, 184, 0.001915
0.04, 290, 0.002985
0.04, 237, 0.002474
0.04, 244, 0.002558
0.04, 260, 0.002685
0.04, 294, 0.00315
0.04, 612, 0.006555
0.04, 522, 0.005878
0.04, 235, 0.002581
0.04, 179, 0.001916
0.04, 315, 0.003271
0.04, 403, 0.004348
0.04, 506, 0.005387
0.04, 181, 0.001929
0.04, 183, 0.001908
0.04, 161, 0.001693
0.04, 303, 0.003106
0.05, 378, 0.003787
0.05, 522, 0.005453
0.05, 264, 0.00293
0.05, 509, 0.005361
0.05, 606, 0.006827
0.05, 439, 0.004736
0.05, 448, 0.00475
0.05, 281, 0.003129
0.05, 684, 0.007129
0.05, 419, 0.004608
0.05, 272, 0.002925
0.05, 465, 0.005145
0.05, 275, 0.003054
0.05, 251, 0.002688
0.05, 423, 0.004531
0.05, 311, 0.003192
0.05, 296, 0.003138
0.05, 450, 0.004639
0.05, 385, 0.00416
0.06, 1024, 0.011149
0.06, 361, 0.003614
0.06, 322, 0.00325
0.06, 712, 0.007916
0.06, 343, 0.003661
0.06, 1210, 0.012715
0.06, 485, 0.005223
0.06, 552, 0.005834
0.06, 632, 0.006814
0.06, 553, 0.006214
0.06, 370, 0.00396
0.06, 699, 0.007372
0.06, 751, 0.008018
0.06, 494, 0.005633
0.06, 478, 0.005059
0.06, 993, 0.010293
0.06, 764, 0.007875
0.06, 603, 0.00642
0.06, 514, 0.005473
0.07, 674, 0.006919
0.07, 1366, 0.014747
0.07, 2450, 0.025803
0.07, 998, 0.010864
0.07, 735, 0.007457
0.07, 1303, 0.013599
0.07, 1177, 0.012316
0.07, 1044, 0.010895
0.07, 1320, 0.014149
0.07, 1238, 0.013377
0.07, 557, 0.006149
0.07, 898, 0.009847
0.07, 1271, 0.013413
0.07, 1690, 0.017862
0.07, 1751, 0.018916
0.07, 1143, 0.012044
0.07, 403, 0.004185
0.07, 813, 0.008604
0.07, 951, 0.009798
0.08, 1968, 0.020975
0.08, 3036, 0.031551
0.08, 1876, 0.019895
0.08, 1357, 0.013901
0.08, 964, 0.009809
0.08, 1458, 0.016019
0.08, 3605, 0.037062
0.08, 1075, 0.011326
0.08, 1645, 0.018076
0.08, 1372, 0.014653
0.08, 1972, 0.020871
0.08, 5390, 0.056152
0.08, 717, 0.007347
0.08, 2274, 0.023249
0.08, 1324, 0.013536
0.08, 2265, 0.022516
0.08, 2790, 0.028493
0.08, 2395, 0.024498
0.08, 926, 0.00961
0.09, 4286, 0.043953
0.09, 5135, 0.053105
0.09, 12323, 0.12869
0.09, 4357, 0.044009
0.09, 9063, 0.092583
0.09, 1877, 0.019138
0.09, 4830, 0.050367
0.09, 6764, 0.067861
0.09, 1417, 0.013865
0.09, 1689, 0.016812
0.09, 9911, 0.099803
0.09, 9300, 0.094554
0.09, 20875, 0.211506
0.09, 1463, 0.014773
0.09, 9870, 0.099654
0.09, 4259, 0.042421
0.09, 5094, 0.05227
0.09, 11002, 0.108746
0.09, 10644, 0.104428
0.1, 40171, 0.39571
0.1, 9905, 0.098971
0.1, 5067, 0.051045
0.1, 11275, 0.112569
0.1, 14560, 0.143532
0.1, 73005, 0.725275
0.1, 5953, 0.059985
0.1, 79870, 0.799323
0.1, 74562, 0.740297
0.1, 85393, 0.843009
0.1, 852, 0.008532
0.1, 40228, 0.404486
0.1, 6736, 0.067974
0.1, 22994, 0.227801
0.1, 70218, 0.686459
0.1, 25166, 0.248755
0.1, 10801, 0.106391
0.1, 19980, 0.200668
0.1, 83321, 0.827918
0.11, 200420, 1.970997
0.11, 89907, 0.884433
0.11, 419301, 4.096442
0.11, 843890, 8.379698
0.11, 381605, 3.750053
0.11, 1474, 0.014373
0.11, 8419, 0.081959
0.11, 77661, 0.762489
0.11, 304300, 2.994893
0.11, 142799, 1.408094
0.11, 23307, 0.227496
0.11, 94611, 0.9218
0.11, 50980, 0.50085
0.11, 91500, 0.889335
0.11, 330802, 3.23342
0.11, 99865, 0.978291
0.11, 94628, 0.929902
0.11, 86223, 0.841831
0.11, 412136, 4.050048
0.12, 1256816, 12.118865
0.12, 2000861, 19.629627
0.12, 304444, 2.927606
0.12, 40321, 0.390451
0.12, 6722970, 65.003682
0.12, 1132523, 10.957135
0.12, 1016311, 9.889869
0.12, 3941282, 38.177047
0.12, 244214, 2.369083
0.12, 536503, 5.200462
0.12, 1213514, 11.760708
0.12, 1267817, 12.401776
0.12, 64903, 0.635169
0.12, 572786, 5.580105
0.12, 2450844, 23.474968
0.12, 3250809, 31.154734
0.12, 5690681, 56.400425
0.12, 2044212, 19.988085
0.12, 1697011, 16.45845
0.13, 1168505, 11.328733
0.13, 1360414, 13.093442
0.13, 1049027, 10.157819
0.13, 9094530, 88.280839
0.13, 44322727, 428.620373
0.13, 21368109, 206.24923
0.13, 18073358, 178.434528
0.13, 14770104, 146.518921
0.13, 12250799, 120.068969
