0.01, 193, 0.003242
0.01, 158, 0.002154
0.01, 109, 0.001477
0.01, 125, 0.001693
0.01, 125, 0.001766
0.01, 186, 0.002871
0.01, 162, 0.002284
0.01, 241, 0.004074
0.01, 132, 0.001889
0.01, 153, 0.002089
0.01, 107, 0.001462
0.01, 93, 0.001274
0.01, 165, 0.002266
0.01, 119, 0.001626
0.01, 179, 0.002466
0.01, 113, 0.001706
0.01, 199, 0.002768
0.01, 282, 0.003964
0.01, 177, 0.002504
0.02, 226, 0.003209
0.02, 106, 0.001441
0.02, 159, 0.002202
0.02, 95, 0.001287
0.02, 203, 0.002777
0.02, 174, 0.002374
0.02, 210, 0.002875
0.02, 289, 0.00511
0.02, 135, 0.003193
0.02, 187, 0.004175
0.02, 137, 0.002011
0.02, 191, 0.002631
0.02, 155, 0.002255
0.02, 195, 0.002863
0.02, 186, 0.002565
0.02, 148, 0.002025
0.02, 157, 0.00215
0.02, 175, 0.002391
0.02, 159, 0.002168
0.03, 249, 0.003425
0.03, 212, 0.00289
0.03, 137, 0.001869
0.03, 225, 0.003057
0.03, 169, 0.002304
0.03, 259, 0.003545
0.03, 167, 0.002283
0.03, 134, 0.001932
0.03, 155, 0.00234
0.03, 420, 0.006302
0.03, 287, 0.003901
0.03, 223, 0.003061
0.03, 270, 0.003685
0.03, 203, 0.002763
0.03, 173, 0.002352
0.03, 211, 0.002856
0.03, 261, 0.003548
0.03, 245, 0.003327
0.03, 393, 0.005706
0.04, 184, 0.002504
0.04, 297, 0.004028
0.04, 289, 0.003909
0.04, 299, 0.00418
0.04, 175, 0.002406
0.04, 195, 0.002641
0.04, 625, 0.008502
0.04, 256, 0.003491
0.04, 349, 0.005533
0.04, 399, 0.009416
0.04, 266, 0.00361
0.04, 213, 0.002892
0.04, 393, 0.005353
0.04, 278, 0.003809
0.04, 400, 0.005431
0.04, 194, 0.00264
0.04, 460, 0.006404
0.04, 169, 0.0023
0.04, 227, 0.003114
0.05, 382, 0.005203
0.05, 400, 0.005449
0.05, 297, 0.004036
0.05, 660, 0.00905
0.05, 472, 0.006787
0.05, 197, 0.002664
0.05, 365, 0.004941
0.05, 149, 0.002009
0.05, 494, 0.006663
0.05, 498, 0.006748
0.05, 597, 0.008246
0.05, 476, 0.006781
0.05, 226, 0.003052
0.05, 326, 0.00442
0.05, 397, 0.005669
0.05, 290, 0.003944
0.05, 263, 0.003549
0.05, 447, 0.006046
0.05, 279, 0.003821
0.06, 741, 0.010774
0.06, 566, 0.008029
0.06, 471, 0.006567
0.06, 824, 0.011819
0.06, 657, 0.009756
0.06, 272, 0.00379
0.06, 394, 0.005515
0.06, 416, 0.005755
0.06, 627, 0.008765
0.06, 526, 0.00775
0.06, 385, 0.005527
0.06, 332, 0.004758
0.06, 603, 0.00917
0.06, 459, 0.006505
0.06, 448, 0.006768
0.06, 967, 0.013775
0.06, 849, 0.012445
0.06, 672, 0.009491
0.06, 953, 0.013742
0.07, 1480, 0.019885
0.07, 489, 0.00706
0.07, 2763, 0.036885
0.07, 1303, 0.018621
0.07, 556, 0.007373
0.07, 532, 0.007169
0.07, 733, 0.010797
0.07, 3166, 0.043656
0.07, 1776, 0.024493
0.07, 1672, 0.023293
0.07, 885, 0.012506
0.07, 1632, 0.022015
0.07, 682, 0.009592
0.07, 1097, 0.014973
0.07, 583, 0.007743
0.07, 751, 0.010114
0.07, 2706, 0.036918
0.07, 604, 0.008244
0.07, 695, 0.00923
0.08, 679, 0.008908
0.08, 2234, 0.034017
0.08, 1043, 0.013735
0.08, 1186, 0.016674
0.08, 1994, 0.027434
0.08, 3135, 0.042974
0.08, 2523, 0.034986
0.08, 2402, 0.033379
0.08, 1434, 0.020569
0.08, 4335, 0.059338
0.08, 1010, 0.013995
0.08, 11010, 0.154102
0.08, 1669, 0.022393
0.08, 3981, 0.058998
0.08, 1315, 0.017548
0.08, 1216, 0.016532
0.08, 838, 0.011326
0.08, 921, 0.012217
0.08, 4039, 0.053414
0.09, 642, 0.009144
0.09, 10387, 0.137555
0.09, 5662, 0.075105
0.09, 4695, 0.062823
0.09, 1267, 0.017362
0.09, 6220, 0.082414
0.09, 12735, 0.169411
0.09, 7997, 0.106989
0.09, 5003, 0.06681
0.09, 3653, 0.048846
0.09, 3115, 0.041222
0.09, 3415, 0.045139
0.09, 19467, 0.267525
0.09, 1081, 0.014346
0.09, 5033, 0.06643
0.09, 1981, 0.026101
0.09, 9315, 0.122113
0.09, 10496, 0.138454
0.09, 7666, 0.102532
0.1, 18747, 0.256261
0.1, 29973, 0.416262
0.1, 194012, 2.68728
0.1, 29349, 0.405306
0.1, 4071, 0.05653
0.1, 42845, 0.591787
0.1, 51129, 0.713657
0.1, 8627, 0.119175
0.1, 27807, 0.381581
0.1, 789, 0.010901
0.1, 2552, 0.034845
0.1, 9993, 0.136652
0.1, 50905, 0.712095
