0.01, 132, 0.001439
0.01, 137, 0.001528
0.01, 293, 0.003291
0.01, 169, 0.001982
0.01, 172, 0.001907
0.01, 129, 0.001648
0.01, 141, 0.001593
0.01, 118, 0.001256
0.01, 124, 0.001459
0.01, 182, 0.001985
0.01, 135, 0.001465
0.01, 159, 0.001889
0.01, 141, 0.001604
0.01, 115, 0.00124
0.01, 194, 0.002278
0.01, 162, 0.001767
0.01, 153, 0.001668
0.01, 99, 0.001069
0.01, 146, 0.001627
0.02, 179, 0.001965
0.02, 203, 0.002337
0.02, 264, 0.003198
0.02, 163, 0.001752
0.02, 119, 0.001278
0.02, 205, 0.002218
0.02, 193, 0.002101
0.02, 173, 0.001968
0.02, 170, 0.002058
0.02, 168, 0.001923
0.02, 183, 0.003107
0.02, 148, 0.001672
0.02, 196, 0.002235
0.02, 173, 0.00197
0.02, 242, 0.002718
0.02, 147, 0.001637
0.02, 226, 0.002547
0.02, 209, 0.002288
0.02, 172, 0.001878
0.03, 245, 0.002599
0.03, 248, 0.002681
0.03, 275, 0.002945
0.03, 331, 0.003493
0.03, 341, 0.003647
0.03, 172, 0.00184
0.03, 182, 0.001896
0.03, 165, 0.001722
0.03, 219, 0.002509
0.03, 228, 0.002459
0.03, 210, 0.002219
0.03, 224, 0.002419
0.03, 207, 0.002242
0.03, 171, 0.001854
0.03, 303, 0.003296
0.03, 377, 0.004256
0.03, 154, 0.001837
0.03, 212, 0.002321
0.03, 223, 0.002406
0.04, 338, 0.003673
0.04, 272, 0.002974
0.04, 386, 0.004312
0.04, 395, 0.004333
0.04, 179, 0.00187
0.04, 190, 0.002002
0.04, 414, 0.004412
0.04, 224, 0.00242
0.04, 363, 0.003911
0.04, 494, 0.005263
0.04, 823, 0.008785
0.04, 181, 0.001919
0.04, 224, 0.00256
0.04, 502, 0.005568
0.04, 221, 0.002372
0.04, 221, 0.002429
0.04, 391, 0.004307
0.04, 262, 0.002851
0.04, 512, 0.005551
0.05, 542, 0.006107
0.05, 482, 0.005195
0.05, 300, 0.003257
0.05, 360, 0.004017
0.05, 349, 0.003911
0.05, 354, 0.003857
0.05, 464, 0.004903
0.05, 252, 0.002676
0.05, 701, 0.007378
0.05, 336, 0.003559
0.05, 348, 0.003828
0.05, 222, 0.002736
0.05, 701, 0.007898
0.05, 252, 0.002608
0.05, 309, 0.003243
0.05, 290, 0.00303
0.05, 318, 0.003507
0.05, 400, 0.004675
0.05, 357, 0.003748
0.06, 839, 0.008498
0.06, 976, 0.010246
0.06, 1162, 0.012934
0.06, 445, 0.004615
0.06, 781, 0.008413
0.06, 754, 0.008053
0.06, 329, 0.004189
0.06, 1048, 0.011257
0.06, 516, 0.005246
0.06, 725, 0.008164
0.06, 612, 0.006223
0.06, 742, 0.007939
0.06, 665, 0.006609
0.06, 862, 0.009839
0.06, 1111, 0.011607
0.06, 518, 0.00525
0.06, 252, 0.002781
0.06, 392, 0.004112
0.06, 550, 0.005851
0.07, 826, 0.009157
0.07, 567, 0.005597
0.07, 1906, 0.020224
0.07, 2665, 0.027551
0.07, 808, 0.00824
0.07, 778, 0.0079
0.07, 737, 0.008144
0.07, 1238, 0.012163
0.07, 1434, 0.014942
0.07, 742, 0.008246
0.07, 941, 0.009652
0.07, 2014, 0.020867
0.07, 457, 0.004521
0.07, 3267, 0.035052
0.07, 1259, 0.013748
0.07, 684, 0.007021
0.07, 1428, 0.014684
0.07, 774, 0.007998
0.07, 1829, 0.018998
0.08, 1926, 0.019645
0.08, 4231, 0.042789
0.08, 7859, 0.07993
0.08, 7847, 0.079369
0.08, 5148, 0.050875
0.08, 1366, 0.014173
0.08, 388, 0.003867
0.08, 2267, 0.023161
0.08, 671, 0.006509
0.08, 1240, 0.013059
0.08, 1090, 0.011186
0.08, 753, 0.007831
0.08, 2687, 0.027557
0.08, 2211, 0.022098
0.08, 1310, 0.014453
0.08, 4401, 0.044848
0.08, 3510, 0.035005
0.08, 3594, 0.036513
0.08, 1223, 0.013281
0.09, 3031, 0.032726
0.09, 1066, 0.010252
0.09, 17311, 0.172467
0.09, 2880, 0.028376
0.09, 2245, 0.0287
0.09, 7303, 0.076973
0.09, 2576, 0.025872
0.09, 8108, 0.083893
0.09, 8215, 0.084394
0.09, 3681, 0.036365
0.09, 12839, 0.129619
0.09, 4785, 0.047182
0.09, 8458, 0.085916
0.09, 8587, 0.085952
0.09, 8524, 0.090598
0.09, 11658, 0.116054
0.09, 484, 0.004852
0.09, 2581, 0.025477
0.09, 5878, 0.060042
0.1, 79408, 0.77292
0.1, 15127, 0.147059
0.1, 40440, 0.389308
0.1, 2525, 0.024455
0.1, 78979, 0.766775
0.1, 8818, 0.086849
0.1, 12752, 0.125418
0.1, 9701, 0.096416
0.1, 78258, 0.762944
0.1, 9874, 0.097504
0.1, 46419, 0.451951
0.1, 94178, 0.920272
0.1, 12818, 0.128099
0.1, 11150, 0.109726
0.1, 78813, 0.770623
0.1, 2891, 0.027666
0.1, 10182, 0.099697
0.1, 44387, 0.426872
0.1, 11609, 0.113403
0.11, 79826, 0.761906
0.11, 504016, 4.876142
0.11, 90266, 0.864834
0.11, 21898, 0.210974
0.11, 47770, 0.453528
0.11, 94190, 0.89273
0.11, 369284, 3.522196
0.11, 281585, 2.699808
0.11, 194549, 1.847572
0.11, 22821, 0.221553
0.11, 390036, 3.779964
0.11, 64974, 0.622413
0.11, 527453, 5.071147
0.11, 76015, 0.734474
0.11, 275131, 2.663819
0.11, 67514, 0.645383
0.11, 59830, 0.570356
0.11, 266372, 2.525817
0.11, 217756, 2.069574
0.12, 2365620, 22.363153
0.12, 730798, 6.910321
0.12, 1447735, 13.760213
0.12, 2375026, 22.562761
0.12, 1277930, 12.144916
0.12, 3416572, 33.566665
0.12, 3572494, 35.663034
0.12, 2147215, 21.420211
0.12, 275002, 2.685855
0.12, 434366, 4.263211
0.12, 2179924, 21.145672
0.12, 1467213, 13.851317
0.12, 1273674, 12.172989
0.12, 873869, 8.263138
0.12, 6156, 0.057665
0.12, 497723, 4.686995
0.12, 199850, 1.864405
0.12, 6360395, 60.591842
0.12, 353575, 3.446719
0.13, 8172130, 80.133205
0.13, 4850863, 46.682826
0.13, 11659668, 113.103067
0.13, 23367126, 224.930782
0.13, 514390, 5.241911
0.13, 7574058, 75.109422
0.13, 17002335, 165.740798
0.13, 3756734, 35.423572
0.13, 12912400, 124.21607
0.13, 8676642, 83.113375
0.13, 4419012, 42.386295
