0.01, 150015, 1.034919
0.01, 168676, 1.161568
0.01, 162202, 1.117284
0.01, 178839, 1.231739
0.01, 179233, 1.252482
0.01, 149846, 1.032621
0.01, 210490, 1.521581
0.01, 151525, 1.068637
0.01, 144002, 0.997186
0.01, 198095, 1.362456
0.01, 195207, 1.344243
0.01, 135925, 0.943305
0.01, 154021, 1.067079
0.01, 190069, 1.301028
0.01, 175069, 1.198906
0.01, 180994, 1.239709
0.01, 169603, 1.164395
0.01, 159468, 1.087978
0.01, 165272, 1.128016
0.02, 168972, 1.153665
0.02, 186659, 1.284692
0.02, 150198, 1.041819
0.02, 202426, 1.386749
0.02, 152729, 1.051925
0.02, 164905, 1.140522
0.02, 178374, 1.223589
0.02, 169043, 1.153523
0.02, 158411, 1.084715
0.02, 196978, 1.352117
0.02, 169277, 1.167235
0.02, 204008, 1.401559
0.02, 168253, 1.151897
0.02, 190026, 1.312948
0.02, 159246, 1.096871
0.02, 160561, 1.107531
0.02, 206260, 1.417055
0.02, 188892, 1.319143
0.02, 151047, 1.031716
0.03, 168107, 1.147261
0.03, 182686, 1.244428
0.03, 160120, 1.096416
0.03, 251924, 1.721988
0.03, 182580, 1.247554
0.03, 153084, 1.046978
0.03, 219156, 1.501515
0.03, 178555, 1.226891
0.03, 179928, 1.228881
0.03, 207877, 1.415713
0.03, 180988, 1.235603
0.03, 205795, 1.403168
0.03, 192820, 1.314375
0.03, 212258, 1.451841
0.03, 208610, 1.420321
0.03, 158444, 1.083847
0.03, 184640, 1.271106
0.03, 175150, 1.204709
0.03, 149657, 1.017198
0.04, 221918, 1.52604
0.04, 192041, 1.320423
0.04, 178683, 1.222631
0.04, 185908, 1.269458
0.04, 183258, 1.254319
0.04, 160087, 1.09755
0.04, 192783, 1.316798
0.04, 163355, 1.11448
0.04, 163783, 1.115968
0.04, 187614, 1.305357
0.04, 202035, 1.381732
0.04, 158407, 1.085985
0.04, 168787, 1.158602
0.04, 208394, 1.428252
0.04, 159067, 1.090258
0.04, 176982, 1.210056
0.04, 221082, 1.527579
0.04, 215989, 1.476058
0.04, 168332, 1.170908
0.05, 227455, 1.554859
0.05, 186643, 1.299845
0.05, 189925, 1.308604
0.05, 201847, 1.379092
0.05, 191216, 1.343619
0.05, 221884, 1.525656
0.05, 186446, 1.264269
0.05, 182070, 1.246065
0.05, 180073, 1.226869
0.05, 206879, 1.411068
0.05, 164813, 1.13162
0.05, 157643, 1.077774
0.05, 196661, 1.339546
0.05, 198687, 1.353111
0.05, 171604, 1.169232
0.05, 162993, 1.109492
0.05, 189800, 1.291875
0.05, 187101, 1.27429
0.05, 187556, 1.278029
0.06, 190975, 1.310694
0.06, 183325, 1.253981
0.06, 188512, 1.28832
0.06, 171557, 1.174787
0.06, 231101, 1.578225
0.06, 230349, 1.57104
0.06, 201312, 1.374362
0.06, 199945, 1.356943
0.06, 175974, 1.19553
0.06, 173192, 1.178945
0.06, 193148, 1.306916
0.06, 167391, 1.134696
0.06, 174701, 1.192507
0.06, 200830, 1.365993
0.06, 170174, 1.177606
0.06, 168129, 1.161285
0.06, 183577, 1.252206
0.06, 179609, 1.230279
0.06, 224838, 1.527578
0.07, 213426, 1.4534
0.07, 213643, 1.450908
0.07, 208323, 1.416533
0.07, 166906, 1.13354
0.07, 195968, 1.334395
0.07, 204319, 1.404166
0.07, 206091, 1.405672
0.07, 205768, 1.398524
0.07, 174056, 1.194966
0.07, 193896, 1.34102
0.07, 151186, 1.073711
0.07, 170134, 1.172465
0.07, 168253, 1.149226
0.07, 205395, 1.400408
0.07, 193350, 1.317251
0.07, 188653, 1.289261
0.07, 177263, 1.20708
0.07, 174135, 1.18877
0.07, 217842, 1.486614
0.08, 181357, 1.239095
0.08, 204382, 1.394386
0.08, 193845, 1.330511
0.08, 196409, 1.336558
0.08, 209022, 1.431848
0.08, 188363, 1.306447
0.08, 189936, 1.305867
0.08, 225231, 1.537302
0.08, 209464, 1.43545
0.08, 225358, 1.549804
0.08, 223290, 1.533492
0.08, 190322, 1.294471
0.08, 236269, 1.603187
0.08, 205877, 1.396745
0.08, 207278, 1.406424
0.08, 186312, 1.269469
0.08, 214467, 1.46267
0.08, 210004, 1.430742
0.08, 220096, 1.502556
0.09, 187250, 1.279171
0.09, 203238, 1.388458
0.09, 182982, 1.249276
0.09, 187758, 1.284398
0.09, 200547, 1.378195
0.09, 248749, 1.736073
0.09, 208400, 1.515944
0.09, 254910, 1.798093
0.09, 224563, 1.610833
0.09, 231534, 1.670016
0.09, 249494, 1.777631
0.09, 214986, 1.553223
0.09, 220057, 1.630203
0.09, 198923, 1.44234
0.09, 209408, 1.491321
0.09, 228559, 1.623525
0.09, 220141, 1.582408
0.09, 241946, 1.805698
0.09, 232666, 1.591344
0.1, 221085, 1.506402
0.1, 250935, 1.727585
0.1, 207038, 1.411544
0.1, 250183, 1.716291
0.1, 207015, 1.431071
0.1, 180789, 1.278939
0.1, 226772, 1.579615
0.1, 199228, 1.364154
0.1, 249981, 1.708269
0.1, 265054, 1.828575
0.1, 254211, 1.741112
0.1, 230266, 1.586061
0.1, 182401, 1.254977
0.1, 180416, 1.239448
0.1, 189787, 1.294282
0.1, 214296, 1.463628
0.1, 260136, 1.785207
0.1, 266911, 1.855907
0.1, 210433, 1.464273
0.11, 221782, 1.538989
0.11, 205977, 1.417969
0.11, 249293, 1.795081
0.11, 236213, 1.705852
0.11, 192174, 1.358439
0.11, 207443, 1.488789
0.11, 234203, 1.686497
0.11, 227149, 1.629166
0.11, 200223, 1.446355
0.11, 224544, 1.624151
0.11, 222815, 1.587057
0.11, 252417, 1.796599
0.11, 267683, 1.906591
0.11, 227013, 1.621304
0.11, 202463, 1.448285
0.11, 215038, 1.525649
0.11, 210067, 1.499134
0.11, 227673, 1.613841
0.11, 201560, 1.419837
0.12, 237959, 1.672019
0.12, 270955, 1.946281
0.12, 251158, 1.780246
0.12, 242529, 1.726848
0.12, 244104, 1.751087
0.12, 195561, 1.407538
0.12, 238558, 1.67989
0.12, 224739, 1.599091
0.12, 220689, 1.559068
0.12, 260791, 1.85965
0.12, 265884, 1.875905
0.12, 258300, 1.853324
0.12, 232517, 1.695837
0.12, 236555, 1.686183
0.12, 269586, 1.927781
0.12, 229457, 1.602407
0.12, 249815, 1.750656
0.12, 311195, 2.179984
0.12, 237150, 1.686905
0.13, 271652, 1.921476
0.13, 235893, 1.641941
0.13, 240516, 1.719926
0.13, 264209, 1.876683
0.13, 248898, 1.751122
0.13, 230934, 1.630302
0.13, 271914, 1.939602
0.13, 248278, 1.785289
0.13, 270626, 1.957334
0.13, 269671, 1.951508
0.13, 237345, 1.651442
0.13, 224547, 1.559131
0.13, 273157, 1.897231
0.13, 209758, 1.452891
0.13, 314836, 2.21363
0.13, 219813, 1.557585
0.13, 252815, 1.789204
0.13, 258886, 1.869215
0.13, 267853, 1.89468
0.14, 224153, 1.59687
0.14, 264158, 1.862118
0.14, 247808, 1.754034
0.14, 237819, 1.708058
0.14, 242336, 1.701027
0.14, 207925, 1.508306
0.14, 211737, 1.495047
0.14, 203756, 1.461546
0.14, 249062, 1.771737
0.14, 293778, 2.079085
0.14, 236425, 1.675502
0.14, 230191, 1.639384
0.14, 251835, 1.801332
0.14, 246659, 1.739034
0.14, 210408, 1.484672
0.14, 246088, 1.739314
0.14, 209829, 1.476901
0.14, 302028, 2.174231
0.14, 271131, 1.914543
0.15, 225858, 1.577909
0.15, 249683, 1.741686
0.15, 199099, 1.387295
0.15, 287819, 2.012152
0.15, 246945, 1.781888
0.15, 347322, 2.468782
0.15, 259662, 1.854371
0.15, 224514, 1.603028
0.15, 303841, 2.127961
0.15, 255130, 1.793175
0.15, 262392, 1.887411
0.15, 267406, 1.898286
0.15, 254940, 1.807513
0.15, 302493, 2.162552
0.15, 218401, 1.565642
0.15, 263889, 1.885956
0.15, 272315, 1.932124
0.15, 250970, 1.762852
0.15, 251858, 1.784534
0.16, 243819, 1.710387
0.16, 250692, 1.809883
0.16, 299035, 2.126687
0.16, 242931, 1.712399
0.16, 259663, 1.821488
0.16, 238375, 1.657898
0.16, 268597, 1.890559
0.16, 285238, 1.998934
0.16, 230294, 1.604484
0.16, 211466, 1.467662
0.16, 250330, 1.770713
0.16, 299166, 2.089799
0.16, 267053, 1.872765
0.16, 244036, 1.730436
0.16, 304593, 2.160042
0.16, 243102, 1.735457
0.16, 308915, 2.185951
0.16, 276509, 1.960549
0.16, 224922, 1.604762
0.17, 232676, 1.639005
0.17, 266238, 1.889738
0.17, 248519, 1.753267
0.17, 376153, 2.628409
0.17, 254621, 1.779948
0.17, 280670, 1.964402
0.17, 263123, 1.865185
0.17, 274462, 1.930108
0.17, 251316, 1.790594
0.17, 295622, 2.118257
0.17, 262648, 1.860535
0.17, 255368, 1.779038
0.17, 303849, 2.149627
0.17, 287539, 2.025462
0.17, 249657, 1.867655
0.17, 326906, 2.41375
0.17, 285589, 2.014592
0.17, 226311, 1.571361
0.17, 279277, 1.966989
0.18, 318255, 2.183159
0.18, 292028, 1.98357
0.18, 235849, 1.605155
0.18, 241739, 1.641491
0.18, 288938, 1.96468
0.18, 276133, 1.87862
0.18, 275722, 1.901115
0.18, 259794, 1.756134
0.18, 290148, 1.96004
0.18, 299672, 2.028628
0.18, 304714, 2.067807
0.18, 240852, 1.639182
0.18, 276998, 1.880329
0.18, 262834, 1.823656
0.18, 258696, 1.760582
0.18, 242019, 1.644403
0.18, 382963, 2.643436
0.18, 290309, 1.960112
0.18, 309112, 2.099663
0.19, 328599, 2.235552
0.19, 287225, 1.942188
0.19, 294866, 1.991117
0.19, 297536, 2.00556
0.19, 276395, 1.86201
0.19, 299715, 2.022228
0.19, 295309, 2.012229
0.19, 264395, 1.788799
0.19, 362844, 2.444829
0.19, 358498, 2.432771
0.19, 289302, 1.954514
0.19, 267359, 1.810815
0.19, 299317, 2.021848
0.19, 320392, 2.189616
0.19, 346084, 2.469518
0.19, 289202, 2.099874
0.19, 272667, 1.89734
0.19, 306290, 2.159186
0.19, 296064, 2.153485
0.2, 321888, 2.284922
0.2, 273508, 1.938586
0.2, 286324, 2.02635
0.2, 270224, 1.911782
0.2, 255337, 1.818156
0.2, 350085, 2.517717
0.2, 327916, 2.314724
0.2, 283069, 1.990882
0.2, 261301, 1.847102
0.2, 283941, 1.98882
0.2, 284298, 1.990478
0.2, 313178, 2.226554
0.2, 294848, 2.074119
0.2, 285125, 2.042805
0.2, 304250, 2.147193
0.2, 281437, 1.940711
0.2, 291054, 2.228991
0.2, 327062, 2.328325
0.2, 421721, 2.967028
0.21, 292811, 2.113381
0.21, 296075, 2.176202
0.21, 292851, 2.152228
0.21, 425062, 2.99104
0.21, 356193, 2.569642
0.21, 271269, 1.967131
0.21, 330287, 2.430547
0.21, 295764, 2.13821
0.21, 334953, 2.384698
0.21, 353312, 2.51564
0.21, 296021, 2.109225
0.21, 357358, 2.566006
0.21, 263344, 1.910194
0.21, 343074, 2.444783
0.21, 299109, 2.124201
0.21, 247203, 1.734096
0.21, 317072, 2.218636
0.21, 262483, 1.823214
0.21, 369932, 2.601832
0.22, 410816, 2.88733
0.22, 306507, 2.138422
0.22, 270508, 1.905776
0.22, 309215, 2.19152
0.22, 276188, 1.93759
0.22, 273399, 1.940404
0.22, 297709, 2.104023
0.22, 293439, 2.095191
0.22, 344268, 2.438476
0.22, 342677, 2.421124
0.22, 298574, 2.088175
0.22, 324686, 2.309006
0.22, 344982, 2.451974
0.22, 298839, 2.13115
0.22, 312279, 2.211686
0.22, 288453, 2.051912
0.22, 400737, 2.884517
0.22, 323249, 2.316335
0.22, 373028, 2.64246
0.23, 337109, 2.429258
0.23, 299366, 2.132338
0.23, 316442, 2.244924
0.23, 317080, 2.221827
0.23, 326415, 2.312125
0.23, 309910, 2.19696
0.23, 361727, 2.557084
0.23, 347746, 2.440354
0.23, 332416, 2.347327
0.23, 274185, 1.950772
0.23, 415199, 2.944761
0.23, 284148, 2.02501
0.23, 318753, 2.20648
0.23, 336417, 2.358332
0.23, 367839, 2.64898
0.23, 287832, 2.191929
0.23, 279939, 2.004931
0.23, 431152, 3.253281
0.23, 309323, 2.24398
0.24, 319566, 2.313209
0.24, 413613, 2.952877
0.24, 297323, 2.117065
0.24, 331141, 2.347069
0.24, 327223, 2.347622
0.24, 348717, 2.459491
0.24, 292176, 2.054705
0.24, 389865, 2.877254
0.24, 333835, 2.439188
0.24, 305020, 2.253399
0.24, 355152, 2.527552
0.24, 336340, 2.394412
0.24, 322043, 2.287561
0.24, 286964, 2.033237
0.24, 290924, 2.163212
0.24, 308590, 2.222484
0.24, 334900, 2.389231
0.24, 339271, 2.420264
0.24, 391564, 2.867927
0.25, 312198, 2.239463
0.25, 356714, 2.54843
0.25, 331365, 2.383812
0.25, 398460, 2.861686
0.25, 356924, 2.55852
0.25, 300300, 2.171759
0.25, 384316, 2.785849
0.25, 288995, 2.075099
0.25, 435688, 3.137454
0.25, 340621, 2.419841
0.25, 375695, 2.709914
0.25, 329964, 2.34733
0.25, 325346, 2.358283
0.25, 277406, 2.004602
0.25, 341532, 2.446593
0.25, 318274, 2.289827
0.25, 296124, 2.139064
0.25, 336036, 2.461435
0.25, 327132, 2.411854
0.26, 422575, 3.111766
0.26, 357126, 2.586878
0.26, 429496, 3.159377
0.26, 338593, 2.449743
0.26, 359154, 2.630754
0.26, 364854, 2.663017
0.26, 348062, 2.517506
0.26, 386765, 2.770003
0.26, 337083, 2.402322
0.26, 301863, 2.173092
0.26, 313075, 2.259425
0.26, 340851, 2.429762
0.26, 300191, 2.149912
0.26, 479806, 3.417759
0.26, 341297, 2.430412
0.26, 367979, 2.65871
0.26, 348710, 2.490045
0.26, 382142, 2.739086
0.26, 406231, 2.943895
0.27, 421258, 3.01852
0.27, 406212, 2.949937
0.27, 403871, 2.90765
0.27, 363901, 2.599648
0.27, 359603, 2.577244
0.27, 326690, 2.343493
0.27, 384929, 2.757203
0.27, 407605, 2.906435
0.27, 347598, 2.491459
0.27, 356817, 2.581345
0.27, 457713, 3.284241
0.27, 348380, 2.537418
0.27, 528939, 3.827224
0.27, 438110, 3.15753
0.27, 477812, 3.410668
0.27, 324157, 2.331918
0.27, 361376, 2.594443
0.27, 325849, 2.382381
0.27, 460089, 3.31392
0.28, 609781, 4.43312
0.28, 399812, 2.845727
0.28, 360711, 2.582311
0.28, 444103, 3.272938
0.28, 406484, 2.831332
0.28, 378959, 2.821899
0.28, 387317, 2.854197
0.28, 499953, 3.595274
0.28, 370524, 2.657065
0.28, 586753, 4.243325
0.28, 355943, 2.573892
0.28, 387222, 2.777097
0.28, 477492, 3.451615
0.28, 346908, 2.523985
0.28, 555615, 3.96583
0.28, 453220, 3.252764
0.28, 413856, 2.96026
0.28, 342351, 2.45053
0.28, 432929, 3.092317
0.29, 340880, 2.444708
0.29, 396383, 2.927543
0.29, 392051, 2.869884
0.29, 399343, 2.897173
0.29, 389297, 2.851825
0.29, 399973, 2.896747
0.29, 382711, 2.750911
0.29, 535618, 3.920421
0.29, 375350, 2.746377
0.29, 426952, 3.121022
0.29, 561570, 4.031326
0.29, 412539, 3.101151
0.29, 375990, 2.88936
0.29, 426485, 3.128095
0.29, 423165, 3.071708
0.29, 397079, 2.84115
0.29, 548366, 3.945019
0.29, 429840, 3.066699
0.29, 396765, 2.860754
0.3, 340178, 2.396771
0.3, 411936, 2.973622
0.3, 454220, 3.295424
0.3, 425541, 3.061029
0.3, 456004, 3.377961
0.3, 476072, 3.539839
0.3, 380617, 2.81248
0.3, 472513, 3.38044
0.3, 436022, 3.184989
0.3, 398492, 2.994833
0.3, 413680, 3.081548
0.3, 364826, 2.618472
0.3, 544671, 3.978712
0.3, 361633, 2.578385
0.3, 433427, 3.146407
0.3, 400089, 2.906149
0.3, 435453, 3.160537
0.3, 456062, 3.255708
0.3, 483852, 3.432095
0.31, 400750, 2.859757
0.31, 450978, 3.19985
0.31, 380351, 2.756622
0.31, 372691, 2.746618
0.31, 453200, 3.320355
0.31, 408290, 2.874137
0.31, 512011, 3.597982
0.31, 435129, 3.056309
0.31, 487432, 3.500827
0.31, 375778, 2.802091
0.31, 444906, 3.269545
0.31, 454979, 3.281113
0.31, 422310, 2.975624
0.31, 461578, 3.265625
0.31, 440766, 3.203026
0.31, 460160, 3.251006
0.31, 447562, 3.158123
0.31, 371103, 2.665308
0.31, 649155, 4.716564
0.32, 421553, 3.062867
0.32, 437781, 3.153049
0.32, 521466, 3.759557
0.32, 569614, 4.019153
0.32, 635308, 4.49693
0.32, 534979, 3.779342
0.32, 433431, 3.052605
0.32, 522711, 3.791977
0.32, 365167, 2.618263
0.32, 446420, 3.161608
0.32, 481935, 3.402667
0.32, 462465, 3.341479
0.32, 440395, 3.144148
0.32, 475136, 3.40058
0.32, 462197, 3.288256
0.32, 436477, 3.180162
0.32, 522654, 3.717814
0.32, 401213, 2.873708
0.32, 510563, 3.671165
0.33, 421172, 3.058293
0.33, 474434, 3.384343
0.33, 442447, 3.130687
0.33, 442940, 3.107403
0.33, 467571, 3.332554
0.33, 505135, 3.602875
0.33, 469099, 3.376808
0.33, 502540, 3.617852
0.33, 481932, 3.486355
0.33, 462271, 3.366534
0.33, 438958, 3.177259
0.33, 441598, 3.129221
0.33, 438162, 3.114039
0.33, 480250, 3.415099
0.33, 441237, 3.115486
0.33, 457480, 3.212169
0.33, 423600, 3.108649
0.33, 525369, 3.769284
0.33, 466383, 3.334365
0.34, 431012, 3.094974
0.34, 527510, 3.766286
0.34, 590664, 4.243063
0.34, 440470, 3.121561
0.34, 669925, 4.81395
0.34, 661721, 4.780214
0.34, 455141, 3.241506
0.34, 466056, 3.299939
0.34, 588273, 4.318039
0.34, 421155, 3.111783
0.34, 507808, 3.649466
0.34, 477156, 3.449402
0.34, 606727, 4.390359
0.34, 485926, 3.4587
0.34, 509591, 3.610153
0.34, 643104, 4.517423
0.34, 514478, 3.632976
0.34, 480226, 3.408087
0.34, 520603, 3.653963
0.35, 446417, 3.159013
0.35, 414123, 2.924431
0.35, 529336, 3.733153
0.35, 466319, 3.328316
0.35, 458695, 3.238095
0.35, 497610, 3.52647
0.35, 473064, 3.373246
0.35, 460193, 3.255111
0.35, 511313, 3.635135
0.35, 551659, 3.910757
0.35, 709749, 5.010168
0.35, 524556, 3.687045
0.35, 492040, 3.479735
0.35, 480731, 3.406737
0.35, 435277, 3.069113
0.35, 453636, 3.216576
0.35, 523712, 3.728416
0.35, 470763, 3.374466
0.35, 461705, 3.272408
0.36, 458497, 3.240853
0.36, 497731, 3.560894
0.36, 508821, 3.596614
0.36, 558960, 3.936152
0.36, 480821, 3.413752
0.36, 612442, 4.331299
0.36, 780669, 5.500498
0.36, 427652, 3.009899
0.36, 493477, 3.492549
0.36, 447583, 3.197032
0.36, 456753, 3.293179
0.36, 598826, 4.325831
0.36, 576340, 4.079119
0.36, 496175, 3.497816
0.36, 642738, 4.563921
0.36, 425601, 2.992185
0.36, 687415, 4.87123
0.36, 474376, 3.371945
0.36, 556422, 3.930199
0.37, 534291, 3.804677
0.37, 524668, 3.736253
0.37, 594287, 4.193359
0.37, 665687, 4.739494
0.37, 487652, 3.544924
0.37, 662517, 4.771975
0.37, 716344, 5.163917
0.37, 615635, 4.446334
0.37, 602942, 4.311739
0.37, 574335, 4.147924
0.37, 557719, 3.926631
0.37, 469443, 3.250297
0.37, 618165, 4.446048
0.37, 480875, 3.561655
0.37, 780447, 5.71189
0.37, 554503, 4.122151
0.37, 602691, 4.413875
0.37, 496943, 3.655596
0.37, 558653, 4.119309
0.38, 481911, 3.511833
0.38, 618999, 4.430324
0.38, 614603, 4.41097
0.38, 739509, 5.314768
0.38, 705701, 5.068354
0.38, 547704, 3.919882
0.38, 530241, 3.851257
0.38, 599095, 4.291102
0.38, 750811, 5.43092
0.38, 616238, 4.519261
0.38, 667658, 4.725135
0.38, 518364, 3.761905
0.38, 635932, 4.553535
0.38, 567397, 4.035343
0.38, 508027, 3.716377
0.38, 520455, 3.747522
0.38, 824764, 5.926849
0.38, 559824, 4.044814
0.38, 619552, 4.56102
0.39, 636288, 4.667528
0.39, 710362, 5.088003
0.39, 527574, 3.756953
0.39, 646533, 4.599014
0.39, 547057, 3.965228
0.39, 500655, 3.55823
0.39, 529376, 3.769629
0.39, 698948, 4.957852
0.39, 684891, 4.889795
0.39, 647727, 4.685589
0.39, 552454, 4.042184
0.39, 536385, 3.820887
0.39, 523941, 3.914049
0.39, 638701, 4.588084
0.39, 649374, 4.619087
0.39, 628459, 4.468928
0.39, 697436, 5.004729
0.39, 499223, 3.666009
0.39, 771938, 5.524265
0.4, 705885, 5.048002
0.4, 562993, 3.999231
0.4, 589869, 4.192574
0.4, 575723, 4.098044
0.4, 628566, 4.64851
0.4, 606341, 4.327681
0.4, 585717, 4.214971
0.4, 484505, 3.451874
0.4, 850587, 6.060975
0.4, 624876, 4.508213
0.4, 655152, 4.716399
0.4, 698896, 4.993326
0.4, 700392, 4.974948
0.4, 620963, 4.476817
0.4, 693573, 4.950335
0.4, 609033, 4.393762
0.4, 630956, 4.580293
0.4, 648125, 4.620515
0.4, 633925, 4.653067
0.41, 578128, 4.139784
0.41, 594905, 4.284938
0.41, 743683, 5.315492
0.41, 590954, 4.272195
0.41, 590601, 4.263693
0.41, 594161, 4.243974
0.41, 589236, 4.189763
0.41, 740409, 5.209106
0.41, 700715, 4.942176
0.41, 576702, 4.142753
0.41, 646851, 4.780408
0.41, 761500, 5.74769
0.41, 598126, 4.439663
0.41, 674975, 4.868472
0.41, 600826, 4.286201
0.41, 662247, 4.685468
0.41, 608181, 4.330328
0.41, 564818, 4.020526
0.41, 704377, 4.953175
0.42, 534059, 3.77993
0.42, 619142, 4.394793
0.42, 660395, 4.701288
0.42, 657259, 4.779999
0.42, 853139, 6.125238
0.42, 637739, 4.523732
0.42, 672479, 4.778558
0.42, 676759, 4.829393
0.42, 760364, 5.455058
0.42, 611074, 4.331102
0.42, 633147, 4.501772
0.42, 631616, 4.549664
0.42, 644377, 4.585528
0.42, 742850, 5.264382
0.42, 946762, 6.708654
0.42, 641485, 4.553078
0.42, 553937, 4.023103
0.42, 582022, 4.166885
0.42, 1040340, 7.514445
0.43, 923292, 6.617789
0.43, 750058, 5.33995
0.43, 761158, 5.512891
0.43, 627823, 4.628818
0.43, 743642, 5.49169
0.43, 649520, 4.830536
0.43, 689177, 4.993995
0.43, 650377, 4.581487
0.43, 750574, 5.345859
0.43, 761106, 5.387377
0.43, 744188, 5.270112
0.43, 885815, 6.30484
0.43, 694260, 4.951311
0.43, 746090, 5.343601
0.43, 753218, 5.464248
0.43, 675826, 4.940502
0.43, 1090874, 7.788254
0.43, 698875, 4.970911
0.43, 606968, 4.294363
0.44, 731396, 5.258507
0.44, 657289, 4.614436
0.44, 747702, 5.317069
0.44, 676794, 4.931234
0.44, 720145, 5.084231
0.44, 680725, 4.794605
0.44, 684502, 4.868212
0.44, 768977, 5.466523
0.44, 763225, 5.414259
0.44, 787380, 5.588761
0.44, 648663, 4.595372
0.44, 775197, 5.518258
0.44, 721709, 5.143697
0.44, 827246, 5.952358
0.44, 704256, 4.983012
0.44, 725759, 5.136282
0.44, 815217, 5.856018
0.44, 721231, 5.165385
0.44, 596724, 4.295839
0.45, 819542, 5.857527
0.45, 871081, 6.244637
0.45, 671277, 4.813934
0.45, 715681, 5.136988
0.45, 800664, 5.779667
0.45, 776724, 5.610606
0.45, 677791, 4.838974
0.45, 850657, 6.1768
0.45, 963118, 7.24094
0.45, 941371, 6.988829
0.45, 858989, 6.361819
0.45, 706882, 5.149371
0.45, 992068, 7.103451
0.45, 645662, 4.651398
0.45, 761855, 5.493109
0.45, 1047540, 7.509346
0.45, 686567, 4.927366
0.45, 985402, 7.034622
0.45, 766084, 5.437063
0.46, 736472, 5.19441
0.46, 723998, 5.140744
0.46, 724656, 5.155745
0.46, 916159, 6.569963
0.46, 723792, 5.168114
0.46, 795038, 5.68556
0.46, 733787, 5.253339
0.46, 871973, 6.183416
0.46, 1132616, 8.093888
0.46, 885534, 6.294294
0.46, 769925, 5.438133
0.46, 892260, 6.337538
0.46, 795046, 5.609608
0.46, 831032, 5.877205
0.46, 895614, 6.35559
0.46, 712994, 5.178586
0.46, 822821, 5.885296
0.46, 915104, 6.530613
0.46, 743754, 5.329204
0.47, 808239, 5.671791
0.47, 801836, 5.705526
0.47, 958899, 6.891714
0.47, 877959, 6.298908
0.47, 851845, 6.121936
0.47, 1121874, 7.810849
0.47, 813239, 5.871841
0.47, 896294, 6.485553
0.47, 922354, 6.927718
0.47, 862691, 6.324042
0.47, 824468, 6.013589
0.47, 951613, 6.963325
0.47, 833608, 6.076445
0.47, 935122, 6.834916
0.47, 1227224, 8.885285
0.47, 904290, 6.581396
0.47, 708945, 5.255281
0.47, 800056, 5.920924
0.47, 1106559, 7.844663
0.48, 880015, 6.402625
0.48, 908582, 6.581102
0.48, 962625, 6.967044
0.48, 799210, 5.808234
0.48, 1072453, 7.779268
0.48, 942502, 6.763282
0.48, 1046648, 7.503688
0.48, 998312, 7.059438
0.48, 934873, 6.507806
0.48, 1006907, 6.970102
0.48, 848249, 5.855478
0.48, 1342552, 9.269009
0.48, 1078021, 7.42836
0.48, 885985, 6.093906
0.48, 784394, 5.396208
0.48, 1220388, 8.475671
0.48, 687457, 4.73325
0.48, 885069, 6.115918
0.48, 817987, 5.68791
0.49, 874670, 6.377968
0.49, 905471, 6.524972
0.49, 852134, 6.201057
0.49, 932742, 6.753666
0.49, 847189, 6.164926
0.49, 833695, 5.992007
0.49, 1068878, 7.632686
0.49, 952558, 6.622646
0.49, 830975, 5.7554
0.49, 947000, 6.578211
0.49, 874817, 6.073198
0.49, 947078, 6.608706
0.49, 831371, 5.813757
0.49, 824270, 5.764037
0.49, 924386, 6.391122
0.49, 914384, 6.52083
0.49, 927458, 6.636712
0.49, 1101015, 7.818839
0.49, 845990, 5.955855
0.5, 961541, 6.933427
0.5, 1165397, 8.274036
0.5, 1045548, 7.681261
0.5, 1039095, 7.498447
0.5, 965832, 6.690307
0.5, 1348715, 9.286358
0.5, 1093295, 7.6382
0.5, 988576, 6.873339
0.5, 876304, 6.036965
0.5, 1066661, 7.33419
0.5, 831657, 5.746357
0.5, 987497, 6.814534
0.5, 1161345, 8.019266
0.5, 1144352, 7.908489
0.5, 882943, 6.102234
0.5, 984593, 6.773226
0.5, 1026367, 7.08272
0.5, 945856, 6.48801
0.5, 1071785, 7.407991
0.51, 1010516, 6.951415
0.51, 1172546, 8.031843
0.51, 1282426, 8.966762
0.51, 972997, 6.987457
0.51, 1138967, 7.983116
0.51, 842959, 5.906023
0.51, 1100547, 7.878935
0.51, 1257734, 8.748727
0.51, 1048824, 7.379421
0.51, 1234438, 8.557178
0.51, 1011011, 7.037437
0.51, 875759, 6.103796
0.51, 949403, 6.670328
0.51, 1019505, 7.322369
0.51, 1117980, 7.832633
0.51, 1108169, 7.821955
0.51, 1219443, 8.558398
0.51, 1120489, 7.875582
0.51, 944908, 6.6053
0.52, 1152926, 7.976174
0.52, 1100834, 7.76502
0.52, 1128434, 8.059416
0.52, 1077755, 7.52849
0.52, 1001025, 7.035515
0.52, 1168305, 8.152604
0.52, 1233465, 8.665596
0.52, 1396494, 9.847625
0.52, 1136625, 7.899811
0.52, 1536070, 10.600787
0.52, 1066310, 7.46466
0.52, 1153013, 7.989407
0.52, 1152190, 8.027989
0.52, 1200514, 8.623141
0.52, 1035934, 7.301935
0.52, 1186610, 8.483564
0.52, 1096709, 7.841624
0.52, 1055307, 7.592963
0.52, 1057521, 7.684499
0.53, 932913, 6.641952
0.53, 1083269, 7.667945
0.53, 1216166, 8.641126
0.53, 1563875, 11.099782
0.53, 1051652, 7.447742
0.53, 1328657, 9.343728
0.53, 1037934, 7.358756
0.53, 900063, 6.50692
0.53, 975258, 7.053465
0.53, 1134801, 8.132735
0.53, 1168192, 8.359044
0.53, 1119835, 7.922702
0.53, 1253953, 8.925989
0.53, 1468936, 10.401585
0.53, 1468959, 10.522871
0.53, 1199858, 8.493405
0.53, 1081148, 7.704059
0.53, 1270004, 9.048238
0.53, 1006823, 7.202167
0.54, 1261642, 8.983295
0.54, 1259777, 8.931142
0.54, 1240816, 8.817181
0.54, 1262647, 9.135755
0.54, 1132003, 8.162093
0.54, 1544983, 11.01718
0.54, 1241245, 8.807438
0.54, 1169104, 8.34628
0.54, 1345865, 9.649783
0.54, 1402389, 10.123062
0.54, 1269330, 9.196413
0.54, 1259800, 9.09954
0.54, 1133123, 8.147837
0.54, 1190645, 8.585968
0.54, 1074111, 7.756928
0.54, 1321053, 9.394106
0.54, 1302402, 9.2158
0.54, 1278382, 9.134934
0.54, 1277125, 9.115396
0.55, 1162775, 8.259732
0.55, 1605138, 11.36518
0.55, 1371637, 9.783173
0.55, 1671833, 11.878692
0.55, 1351101, 9.735675
0.55, 1210353, 8.521497
0.55, 1201260, 8.320682
0.55, 1829640, 12.787831
0.55, 1500574, 10.47688
0.55, 1246430, 8.80823
0.55, 1249381, 8.880199
0.55, 1216008, 8.661077
0.55, 1354689, 9.29822
0.55, 1341944, 9.301654
0.55, 1441997, 10.101103
0.55, 1270960, 8.842323
0.55, 1961142, 13.832528
0.55, 1140197, 7.840814
0.55, 1554905, 11.214658
0.56, 1291274, 9.098983
0.56, 1437539, 10.011513
0.56, 1335425, 9.190686
0.56, 1451067, 10.149976
0.56, 1398879, 9.652423
0.56, 1610501, 11.219954
0.56, 1118117, 7.872271
0.56, 1207651, 8.288563
0.56, 1509387, 10.318733
0.56, 1284892, 8.916787
0.56, 1203961, 8.303251
0.56, 1480193, 10.282482
0.56, 2105348, 14.919437
0.56, 1584450, 11.621833
0.56, 1312206, 9.563255
0.56, 1424747, 10.668147
0.56, 1245357, 9.571079
0.56, 1300938, 10.080697
0.56, 1312227, 9.437386
0.57, 1924083, 13.641492
0.57, 1807858, 12.894917
0.57, 1655067, 11.494336
0.57, 1655246, 11.690589
0.57, 1708880, 12.187472
0.57, 1262724, 8.980406
0.57, 1743908, 12.515613
0.57, 1301577, 9.454308
0.57, 1700399, 12.381442
0.57, 1782582, 12.668293
0.57, 1317806, 9.38933
0.57, 1396805, 9.963372
0.57, 1561158, 11.228752
0.57, 2300257, 16.66685
0.57, 1513687, 10.533678
0.57, 1483444, 10.449856
0.57, 1992944, 13.940055
0.57, 1288680, 9.128256
0.57, 1286919, 9.12524
0.58, 1855585, 13.002463
0.58, 1464658, 10.432582
0.58, 1693760, 12.133969
0.58, 1641754, 11.543189
0.58, 1716806, 12.45081
0.58, 1879490, 13.338909
0.58, 2021197, 14.870214
0.58, 1909381, 15.089863
0.58, 1329426, 10.725401
0.58, 1428749, 11.158984
0.58, 1664721, 11.609766
0.58, 1878756, 12.957998
0.58, 1432003, 9.981379
0.58, 1477204, 10.593267
0.58, 1583561, 11.103891
0.58, 1555490, 10.92933
0.58, 1519714, 10.642284
0.58, 2076815, 14.430151
0.58, 1403289, 9.948129
0.59, 2783961, 19.334944
0.59, 1903292, 13.102799
0.59, 1614349, 11.220676
0.59, 2270718, 15.434735
0.59, 1902721, 13.326677
0.59, 2052954, 14.233025
0.59, 1925967, 13.293466
0.59, 2283361, 15.495303
0.59, 1990487, 13.620422
0.59, 1801442, 12.012684
0.59, 1624073, 12.739072
0.59, 1758211, 12.862147
0.59, 1629003, 11.92933
0.59, 1779711, 13.108586
0.59, 1749669, 12.782962
0.59, 1675940, 12.18748
0.59, 1522570, 10.394706
0.59, 1936093, 13.043438
0.59, 1822151, 12.331243
