0.01, 779590, 5.842757
0.01, 818119, 6.256855
0.01, 883291, 6.758456
0.01, 776512, 5.924027
0.01, 759739, 5.837908
0.01, 771686, 5.717214
0.01, 757360, 5.562296
0.01, 783169, 5.997851
0.01, 726854, 5.0887
0.02, 891939, 6.182726
0.02, 774979, 5.375427
0.02, 792683, 5.550458
0.02, 815108, 5.667053
0.02, 808994, 5.572402
0.02, 737184, 5.12203
0.02, 756231, 5.229046
0.02, 750395, 5.190137
0.02, 700798, 4.878644
0.03, 762704, 5.274245
0.03, 866198, 5.950897
0.03, 902985, 6.28682
0.03, 763130, 5.268982
0.03, 861068, 5.935171
0.03, 753709, 5.178778
0.03, 745931, 5.225995
0.03, 895349, 6.161958
0.03, 717133, 4.923064
0.04, 880598, 6.109728
0.04, 988041, 6.848354
0.04, 1036722, 7.156311
0.04, 833538, 5.73988
0.04, 868334, 6.029319
0.04, 767951, 5.287581
0.04, 839112, 5.801343
0.04, 839729, 5.778172
0.04, 914008, 6.323026
0.05, 773151, 5.384884
0.05, 937712, 6.50864
0.05, 905510, 6.30208
0.05, 787047, 5.498084
0.05, 834699, 5.822475
0.05, 1030685, 7.145885
0.05, 970584, 6.709172
0.05, 816876, 5.688064
0.05, 995627, 6.838333
0.06, 782978, 5.404785
0.06, 1061404, 7.413397
0.06, 914377, 6.290364
0.06, 808963, 5.553189
0.06, 797546, 5.470428
0.06, 972573, 6.786613
0.06, 1106066, 7.601272
0.06, 992878, 6.845201
0.06, 1105090, 7.608145
0.07, 829120, 5.732568
0.07, 851743, 5.862868
0.07, 808298, 5.588467
0.07, 838007, 5.800519
0.07, 932027, 6.383893
0.07, 911736, 6.287243
0.07, 895983, 6.166733
0.07, 994512, 6.844706
0.07, 886890, 6.137048
0.08, 985023, 6.800834
0.08, 981743, 6.74992
0.08, 1025899, 7.068296
0.08, 905462, 6.235663
0.08, 830805, 5.771777
0.08, 884513, 6.07374
0.08, 1081351, 7.524045
0.08, 924441, 6.328797
0.08, 912581, 6.328567
0.09, 1114979, 7.665307
0.09, 1056910, 7.258388
0.09, 958937, 6.624403
0.09, 1024610, 7.056531
0.09, 896726, 6.214217
0.09, 926446, 6.405544
0.09, 915462, 6.687072
0.09, 980973, 6.955769
0.09, 959689, 6.858577
0.1, 926065, 6.552431
0.1, 982193, 6.923737
0.1, 1092546, 7.492245
0.1, 1038462, 7.15757
0.1, 1028454, 7.122986
0.1, 1061386, 7.332615
0.1, 1063072, 7.291651
0.1, 942899, 6.48338
0.1, 1006991, 6.893039
0.11, 1120087, 7.71471
0.11, 1029500, 7.123296
0.11, 1112593, 7.686989
0.11, 932132, 6.425391
0.11, 1015056, 6.938488
0.11, 949166, 6.829164
0.11, 1092489, 7.842243
0.11, 963869, 7.096548
0.11, 1021951, 7.446101
0.12, 884813, 6.432705
0.12, 1030616, 7.561587
0.12, 1053750, 7.587629
0.12, 1136582, 7.944252
0.12, 1039061, 7.195103
0.12, 1026321, 7.284365
0.12, 1021193, 7.317178
0.12, 1060730, 7.395555
0.12, 943466, 6.550808
0.13, 1076488, 7.564171
0.13, 1175129, 8.30906
0.13, 954346, 6.569028
0.13, 962390, 6.592309
0.13, 936661, 6.441664
0.13, 1272673, 8.703409
0.13, 1218217, 8.345247
0.13, 1055506, 7.215602
0.13, 1225494, 8.370451
0.14, 1411861, 9.699653
0.14, 1134402, 7.745072
0.14, 1132670, 7.751557
0.14, 971498, 6.637178
0.14, 1303262, 8.908223
0.14, 1115198, 7.597135
0.14, 1177412, 8.082124
0.14, 1281819, 8.799061
0.14, 1282061, 8.797005
0.15, 1375887, 9.396527
0.15, 1146495, 7.859501
0.15, 1166619, 7.98639
0.15, 1153469, 8.003055
0.15, 1235623, 8.473428
0.15, 1043543, 7.130725
0.15, 996877, 6.83278
0.15, 1118420, 7.807012
0.15, 1151989, 7.863991
0.16, 1101631, 7.583386
0.16, 1092127, 7.485749
0.16, 1122362, 7.667204
0.16, 1235942, 8.422536
0.16, 1209414, 8.251026
0.16, 1358891, 9.267416
0.16, 1142974, 7.910391
0.16, 1307074, 8.928679
0.16, 1217547, 8.323991
0.17, 1081534, 7.396969
0.17, 1084667, 7.427478
0.17, 970567, 6.6438
0.17, 1078638, 7.39036
0.17, 1390599, 9.550849
0.17, 1352449, 9.934845
0.17, 1217521, 8.423284
0.17, 1272353, 8.727231
0.17, 1137140, 7.797816
0.18, 1356508, 9.348238
0.18, 1877110, 12.847218
0.18, 1334853, 9.129731
0.18, 1437626, 9.824436
0.18, 1304512, 8.906458
0.18, 1211453, 8.269961
0.18, 1348835, 9.226812
0.18, 1164199, 8.08433
0.18, 1408667, 9.74193
0.19, 1306988, 8.926902
0.19, 1295279, 8.865452
0.19, 1392401, 9.504876
0.19, 1169790, 8.009965
0.19, 1269285, 8.669492
0.19, 1234979, 8.428732
0.19, 1346831, 9.174301
0.19, 1374678, 9.481915
0.19, 1452922, 10.439199
0.2, 1407031, 9.735907
0.2, 1386938, 9.550669
0.2, 1366182, 9.379404
0.2, 1482116, 10.196216
0.2, 1246847, 8.563081
0.2, 1394123, 9.646845
0.2, 1523434, 10.531141
0.2, 1344353, 9.42309
0.2, 1131403, 8.192633
0.21, 1310797, 9.223512
0.21, 1255946, 8.67588
0.21, 1572739, 10.82071
0.21, 1431273, 9.803658
0.21, 1372189, 9.471928
0.21, 1120754, 7.668202
0.21, 1476540, 10.13157
0.21, 1231762, 8.41786
0.21, 1441433, 9.868423
0.22, 1562861, 10.679334
0.22, 1442894, 9.865434
0.22, 1345966, 9.313583
0.22, 1316684, 9.206665
0.22, 1579044, 10.986252
0.22, 1454974, 9.96462
0.22, 1821779, 12.483954
0.22, 1339758, 9.405909
0.22, 1514923, 10.63733
0.23, 1727987, 11.937793
0.23, 1493785, 10.341905
0.23, 1607291, 11.218831
0.23, 1833456, 12.679357
0.23, 1413931, 10.002593
0.23, 1698130, 11.682272
0.23, 1457923, 10.000618
0.23, 1293413, 8.958575
0.23, 1350588, 9.342993
0.24, 1493505, 10.244704
0.24, 1458861, 10.353495
0.24, 1581981, 11.280337
0.24, 2117984, 14.591698
0.24, 1459748, 9.990918
0.24, 1714421, 11.754256
0.24, 1470286, 10.68024
0.24, 1760466, 12.10934
0.24, 1650816, 11.339379
0.25, 1661322, 11.408176
0.25, 1919000, 13.151113
0.25, 1538829, 10.574338
0.25, 1580401, 10.942329
0.25, 1519735, 10.386368
0.25, 1472379, 10.106486
0.25, 1861352, 12.775024
0.25, 1828854, 12.521813
0.25, 1552837, 10.649062
0.26, 1947606, 13.739256
0.26, 1626008, 11.555571
0.26, 1669189, 12.240703
0.26, 1558103, 10.746935
0.26, 1677219, 11.652124
0.26, 1580736, 11.160979
0.26, 1880465, 13.155835
0.26, 1738953, 12.063249
0.26, 1659404, 11.549293
0.27, 1782520, 12.184023
0.27, 1396944, 9.562445
0.27, 1571352, 10.817267
0.27, 1788202, 12.287344
0.27, 1755221, 12.211834
0.27, 1467476, 10.247955
0.27, 1881216, 12.943405
0.27, 1703227, 11.674028
0.27, 1789035, 12.251845
0.28, 1902916, 12.988204
0.28, 1852420, 12.663792
0.28, 1709295, 11.677178
0.28, 1585932, 10.892575
0.28, 1801233, 12.30481
0.28, 2002320, 13.687062
0.28, 1568016, 10.701758
0.28, 2058157, 14.117729
0.28, 1835996, 12.674402
0.29, 1839897, 12.588533
0.29, 1976967, 13.601754
0.29, 1804210, 12.350476
0.29, 2438338, 16.757021
0.29, 1941988, 13.278443
0.29, 1593661, 11.203161
0.29, 1872375, 12.827691
0.29, 1629359, 11.193005
0.29, 1546087, 10.610323
0.3, 1759645, 12.046144
0.3, 2007616, 13.779244
0.3, 2051028, 14.035095
0.3, 1752038, 11.986472
0.3, 2042705, 13.990935
0.3, 1822835, 12.493974
0.3, 2159190, 14.785883
0.3, 1850035, 12.630599
0.3, 1761892, 12.102445
0.31, 1955284, 13.424534
0.31, 2470732, 16.891041
0.31, 1944711, 13.326652
0.31, 1974367, 13.510932
0.31, 2402955, 16.402426
0.31, 1709901, 11.670444
0.31, 1824016, 12.52446
0.31, 1897813, 13.029779
0.31, 2421741, 16.643152
0.32, 2129603, 14.575192
0.32, 1988629, 13.650387
0.32, 1962942, 13.398405
0.32, 2633303, 18.035563
0.32, 1903563, 13.0413
0.32, 2472631, 16.928673
0.32, 2153093, 14.987422
0.32, 1911830, 13.397925
0.32, 1942482, 13.322347
0.33, 1907357, 13.043681
0.33, 2176553, 14.911319
0.33, 2076836, 14.323434
0.33, 2182456, 14.977954
0.33, 2325964, 15.915023
0.33, 2399943, 16.57552
0.33, 2934831, 20.190489
0.33, 1902299, 13.038897
0.33, 2058057, 14.149478
0.34, 2045743, 14.017238
0.34, 2258611, 15.52385
0.34, 1920154, 13.187128
0.34, 2450413, 16.857699
0.34, 2338514, 16.023469
0.34, 2304985, 15.825748
0.34, 2194299, 15.014983
0.34, 2089970, 14.260206
0.34, 2106801, 14.413924
0.35, 2411230, 16.534954
0.35, 2042839, 13.962264
0.35, 2598243, 17.834941
0.35, 2104385, 14.563061
0.35, 2533225, 17.482142
0.35, 2301263, 15.751244
0.35, 2173249, 14.908114
0.35, 2285243, 15.778833
0.35, 1952349, 13.371386
0.36, 2244092, 15.613077
0.36, 2468425, 16.909364
0.36, 2492728, 17.037804
0.36, 2282383, 15.573236
0.36, 2415396, 16.467654
0.36, 2473648, 16.897432
0.36, 2240454, 15.324954
0.36, 3013731, 20.616443
0.36, 2634323, 17.983892
0.37, 2318870, 16.202435
0.37, 2734668, 18.823745
0.37, 2754175, 18.882162
0.37, 2957252, 20.385894
0.37, 2659501, 18.234875
0.37, 2393749, 16.467244
0.37, 2509545, 17.219759
0.37, 2853397, 19.516126
0.37, 2305820, 15.805908
0.38, 2337001, 16.007428
0.38, 2741752, 18.826762
0.38, 2389795, 16.419931
0.38, 2376517, 16.362004
0.38, 3032121, 20.869887
0.38, 3082591, 21.146508
0.38, 2649946, 18.128631
0.38, 2425611, 16.581776
0.38, 2693033, 18.419535
0.39, 3251681, 22.247544
0.39, 2898777, 19.882043
0.39, 2624158, 18.102931
0.39, 2542587, 17.371609
0.39, 3019723, 20.733834
0.39, 2574916, 17.642941
0.39, 2842864, 19.657711
0.39, 2218026, 15.273187
0.39, 2526080, 17.294981
0.4, 2569074, 17.777117
0.4, 2825421, 19.404101
0.4, 2419709, 16.628388
0.4, 3138183, 21.510325
0.4, 2506627, 17.165454
0.4, 3102754, 21.215686
0.4, 2935590, 20.215748
0.4, 2665141, 18.307252
0.4, 3142933, 21.526136
0.41, 2686686, 18.40393
0.41, 3282488, 24.712349
0.41, 2825260, 20.192371
0.41, 3147656, 22.409149
0.41, 3419657, 24.391265
0.41, 2871451, 21.131054
0.41, 3505641, 25.145684
0.41, 3182759, 23.357763
0.41, 3061399, 21.205539
0.42, 3127848, 22.657852
0.42, 2763828, 19.380252
0.42, 3503347, 24.309157
0.42, 2896811, 19.989213
0.42, 3586287, 24.679122
0.42, 3395513, 23.492475
0.42, 3334245, 23.010103
0.42, 3485418, 24.059327
0.42, 3212500, 22.072887
0.43, 3333240, 22.922727
0.43, 3190836, 21.971682
0.43, 2872048, 19.768897
0.43, 3239666, 22.950324
0.43, 3954588, 27.181689
0.43, 2649508, 18.035086
0.43, 2976128, 20.302239
0.43, 3260693, 22.183258
0.43, 3210251, 21.952964
0.44, 4898847, 34.357869
0.44, 3342267, 23.824236
0.44, 4197354, 29.175902
0.44, 3469777, 23.721278
0.44, 3622572, 24.608695
0.44, 3749102, 25.583476
0.44, 4188731, 28.505963
0.44, 3454631, 23.50491
0.44, 3563530, 24.197829
0.45, 3327326, 22.928017
0.45, 3894101, 26.525097
0.45, 3876791, 26.370365
0.45, 3588918, 24.418792
0.45, 3842638, 26.144367
0.45, 3518212, 24.127508
0.45, 3419281, 23.410927
0.45, 5304204, 37.070139
0.45, 3382544, 25.000325
0.46, 3997473, 28.410018
0.46, 3514169, 25.290682
0.46, 3976462, 27.682774
0.46, 3752616, 26.131347
0.46, 3652400, 25.124403
0.46, 3473498, 24.145669
0.46, 3145425, 21.452034
0.46, 3663100, 25.268605
0.46, 3568029, 24.927977
0.47, 4248731, 29.960118
0.47, 4333503, 29.9972
0.47, 3573439, 25.440262
0.47, 3668599, 26.781891
0.47, 4016381, 28.604733
0.47, 3971193, 28.556335
0.47, 3682439, 26.630111
0.47, 4165473, 30.26312
0.47, 4615649, 33.363562
0.48, 4568503, 31.801282
0.48, 4270771, 30.005787
0.48, 3654020, 27.163287
0.48, 3687699, 27.687239
0.48, 4272134, 31.783791
0.48, 3616623, 27.20335
0.48, 3693457, 27.848533
0.48, 4790544, 35.929978
0.48, 5075130, 37.668366
0.49, 4102766, 29.881966
0.49, 4298141, 31.793431
0.49, 5268328, 38.757324
0.49, 3715721, 27.32264
0.49, 4956006, 37.229506
0.49, 4688109, 34.602528
0.49, 4840626, 36.366123
0.49, 4423220, 32.990602
0.49, 4074136, 30.544842
0.5, 4981679, 36.671221
0.5, 3902392, 28.613723
0.5, 4875157, 34.573199
0.5, 4927453, 33.788517
0.5, 4618048, 31.432196
0.5, 4214551, 28.740323
0.5, 4091924, 27.888535
0.5, 3940224, 27.070928
0.5, 5373506, 36.597424
0.51, 5067211, 34.4796
0.51, 5087601, 34.768146
0.51, 5846165, 39.948375
0.51, 5274764, 35.943049
0.51, 4685447, 31.992959
0.51, 4491877, 31.061388
0.51, 5848844, 40.555681
0.51, 4905213, 35.112763
0.51, 4988827, 35.678254
0.52, 5521716, 38.008461
0.52, 7644523, 52.333425
0.52, 4389786, 30.08285
0.52, 5488708, 37.558066
0.52, 4904600, 33.640679
0.52, 5486450, 37.621731
0.52, 5124415, 35.025533
0.52, 5171169, 35.303156
0.52, 4775995, 32.574341
0.53, 5142728, 35.186466
0.53, 4605874, 32.477732
0.53, 5353970, 38.0871
0.53, 5953144, 40.650901
0.53, 6019585, 40.873623
0.53, 5512900, 37.588569
0.53, 6587330, 45.078463
0.53, 6174466, 42.011086
0.53, 8132105, 55.56812
0.54, 6661569, 45.206849
0.54, 4976134, 33.812268
0.54, 5588362, 37.976299
0.54, 4868074, 33.057807
0.54, 5809956, 39.413381
0.54, 5134652, 35.010931
0.54, 7123460, 48.720145
0.54, 6001605, 40.961928
0.54, 6867173, 46.760885
0.55, 5766102, 39.353332
0.55, 6414301, 43.798952
0.55, 6696447, 45.476265
0.55, 6123027, 41.835243
0.55, 7341644, 49.952373
0.55, 7048197, 47.974743
0.55, 7165788, 48.928153
0.55, 5976865, 41.301143
0.55, 6882477, 50.041405
0.56, 6952846, 51.208388
0.56, 7889325, 55.926218
0.56, 6806719, 47.946604
0.56, 5837865, 39.882065
0.56, 8203166, 55.951096
0.56, 6447579, 43.95174
0.56, 7636992, 52.291851
0.56, 6219145, 42.527185
0.56, 5670163, 38.633625
0.57, 6058076, 41.700134
0.57, 7253742, 50.163927
0.57, 6403108, 43.859869
0.57, 6348247, 43.453143
0.57, 6347415, 43.397688
0.57, 8922854, 61.689534
0.57, 7174191, 49.359782
0.57, 8169679, 56.086699
0.57, 6595381, 45.37901
0.58, 8045792, 56.001041
0.58, 10946444, 75.079647
0.58, 9483752, 66.689648
0.58, 6871799, 47.507597
0.58, 6272937, 42.726704
0.58, 7823316, 52.876833
0.58, 7548033, 50.75819
0.58, 7737750, 53.170824
0.58, 7406786, 49.891905
0.59, 6546895, 44.640272
0.59, 7628524, 52.423118
0.59, 7982692, 55.704714
0.59, 7272280, 51.569562
0.59, 10507206, 70.153135
0.59, 8380963, 56.604362
0.59, 8680202, 58.333771
0.59, 9232268, 61.539126
0.59, 9981365, 70.83441
