0.01, 3140301, 21.962874
0.01, 4119108, 28.660456
0.01, 3450403, 23.974102
0.01, 3742647, 25.959064
0.01, 3154359, 22.191967
0.01, 3273447, 22.864542
0.01, 3570261, 24.821292
0.01, 3470110, 24.223829
0.01, 3219545, 22.522295
0.02, 3186027, 22.890959
0.02, 3365765, 24.42868
0.02, 4153106, 30.014149
0.02, 3403376, 24.496212
0.02, 3546906, 25.54655
0.02, 4004108, 29.503723
0.02, 3374125, 24.727264
0.02, 3576837, 26.499571
0.02, 3676140, 27.388104
0.03, 3778826, 28.618987
0.03, 3558925, 28.211397
0.03, 4036176, 30.343668
0.03, 3865523, 29.417992
0.03, 2996707, 22.248866
0.03, 3679503, 26.995733
0.03, 3713218, 27.209214
0.03, 4031944, 29.25242
0.03, 3749813, 26.687154
0.04, 3661832, 26.987946
0.04, 4023561, 29.502738
0.04, 3628966, 26.459636
0.04, 3518376, 25.144638
0.04, 3620808, 25.644554
0.04, 4294521, 31.79448
0.04, 3783296, 27.954449
0.04, 4135973, 29.514439
0.04, 3388643, 24.093353
0.05, 3506790, 25.180083
0.05, 3398475, 24.786744
0.05, 3884750, 27.765744
0.05, 4550751, 32.861984
0.05, 3871905, 27.944247
0.05, 3754555, 27.793378
0.05, 3636775, 27.529494
0.05, 4573216, 32.581497
0.05, 3994369, 28.283275
0.06, 3638513, 25.940968
0.06, 3727474, 26.345307
0.06, 4521902, 32.071346
0.06, 4320545, 30.634817
0.06, 3793029, 26.842427
0.06, 4175547, 29.469945
0.06, 3893614, 27.607346
0.06, 3477354, 24.546422
0.06, 3641566, 25.788953
0.07, 4483070, 31.755765
0.07, 3756091, 26.876798
0.07, 4775169, 33.69504
0.07, 3946355, 27.929164
0.07, 4161863, 29.526494
