0.4, 406644, 2.119506
0.4, 473093, 2.477908
0.4, 715133, 3.737826
0.4, 303758, 1.579224
0.4, 755317, 3.921414
0.405, 668728, 3.447008
0.405, 549622, 2.826726
0.405, 288467, 1.478313
0.405, 342900, 1.76163
0.405, 463706, 2.381459
0.41, 311906, 1.600507
0.41, 499449, 2.57337
0.41, 945308, 4.86774
0.41, 335197, 1.726672
0.41, 350581, 1.819515
0.415, 1555040, 7.986334
0.415, 493292, 2.527709
0.415, 498934, 2.576515
0.415, 926896, 4.785862
0.415, 881307, 4.547902
0.42, 1553690, 8.029405
0.42, 1515829, 7.837567
0.42, 863391, 4.472836
0.42, 627306, 3.267867
0.42, 1756038, 9.104308
0.425, 2464353, 12.783416
0.425, 2868324, 14.821142
0.425, 2205178, 11.289204
0.425, 958757, 4.904165
0.425, 469452, 2.409494
0.43, 1587151, 8.122406
0.43, 708800, 3.636263
0.43, 695805, 3.563303
0.43, 914991, 4.693857
0.43, 1241211, 6.360972
0.435, 865705, 4.450262
0.435, 11188693, 57.213703
0.435, 3826734, 19.58656
0.435, 3807319, 19.467404
0.435, 1516572, 7.747678
0.44, 5820461, 29.679406
0.44, 4201499, 21.450927
0.44, 1182915, 6.058565
0.44, 3575169, 18.257977
0.44, 995147, 5.097128
0.445, 10339024, 52.84493
0.445, 1665952, 8.555406
0.445, 26142451, 134.933515
0.445, 5347982, 27.444402
0.445, 35263503, 182.302651
