0.4, 533082, 2.839096
0.4, 523179, 2.816858
0.4, 505374, 2.682384
0.4, 1123916, 5.987109
0.4, 774157, 4.121401
0.401, 518673, 2.743477
0.401, 687635, 3.645428
0.401, 491975, 2.642834
0.401, 693367, 3.744082
0.401, 763831, 4.127413
0.402, 727552, 3.949861
0.402, 738167, 4.003001
0.402, 611242, 3.327955
0.402, 1237638, 6.715137
0.402, 602835, 3.282341
0.403, 367731, 2.027516
0.403, 483910, 2.624241
0.403, 563945, 3.060074
0.403, 1193243, 6.528493
0.403, 1245018, 6.747267
0.404, 865301, 4.691575
0.404, 1132375, 6.193743
0.404, 621526, 3.372785
0.404, 818354, 4.435378
0.404, 437707, 2.381484
0.405, 651016, 3.548127
0.405, 1486343, 8.204705
0.405, 354733, 1.931652
0.405, 635739, 3.496347
0.405, 601310, 3.317227
0.406, 1074849, 6.028039
0.406, 571383, 3.154924
0.406, 922797, 5.199302
0.406, 545221, 3.061077
0.406, 707969, 3.829011
0.407, 538621, 2.915578
0.407, 572897, 3.134158
0.407, 1332131, 7.31676
0.407, 1327752, 7.340407
0.407, 1373017, 7.616491
0.408, 840443, 4.757541
0.408, 1039209, 5.844304
0.408, 892233, 5.088604
0.408, 416062, 2.308584
0.408, 589240, 3.203109
0.409, 715534, 3.864835
0.409, 526984, 2.861819
0.409, 1086065, 5.874374
0.409, 1504193, 8.13594
0.409, 794038, 4.284793
0.41, 1106558, 5.970339
0.41, 1109503, 5.980416
0.41, 728785, 3.946545
0.41, 641734, 3.463723
0.41, 956847, 5.182296
0.411, 795835, 4.287851
0.411, 747856, 4.055376
0.411, 829288, 4.483574
0.411, 720687, 3.89249
0.411, 983962, 5.313509
0.412, 1614966, 8.733816
0.412, 561849, 3.033388
0.412, 656766, 3.556755
0.412, 1243979, 6.725347
0.412, 719765, 3.879431
0.413, 776583, 4.192775
0.413, 657486, 3.558265
0.413, 1670453, 9.00966
0.413, 1368843, 7.393035
0.413, 918325, 4.95336
0.414, 1093233, 5.910652
0.414, 1411279, 7.63742
0.414, 2460848, 13.250512
0.414, 1300039, 7.019513
0.414, 505963, 2.731953
0.415, 663477, 3.613795
0.415, 2222295, 12.086256
0.415, 1368580, 7.418721
0.415, 1899393, 10.478475
0.415, 807158, 4.442137
0.416, 1977944, 10.866071
0.416, 1721963, 9.637328
0.416, 743272, 4.275186
0.416, 619656, 3.566631
0.416, 1936811, 11.04564
0.417, 2365871, 12.911339
0.417, 1075710, 5.881471
0.417, 699271, 3.815396
0.417, 1255250, 6.846531
0.417, 1988728, 10.827148
0.418, 1219856, 6.668582
0.418, 2385573, 13.022515
0.418, 1238219, 6.752208
0.418, 812909, 4.433361
0.418, 634714, 3.467671
0.419, 2835343, 15.479482
0.419, 864015, 4.713813
0.419, 950242, 5.184435
0.419, 2125376, 11.582104
0.419, 696592, 3.783292
0.42, 1174618, 6.439268
0.42, 2231657, 12.439638
0.42, 1393128, 7.601158
0.42, 2043802, 11.137573
0.42, 2510338, 13.72769
0.421, 1789225, 9.788003
0.421, 566832, 3.093548
0.421, 1630489, 8.882134
0.421, 2102686, 11.59215
0.421, 2598149, 14.19536
0.422, 3242310, 17.823554
0.422, 3999316, 21.876767
0.422, 908894, 4.946531
0.422, 1929276, 10.50069
0.422, 2056365, 11.195189
0.423, 1181532, 6.44245
0.423, 1766563, 9.611531
0.423, 2473347, 13.485054
0.423, 814324, 4.444086
0.423, 2464698, 13.444298
0.424, 786745, 4.304634
0.424, 4026133, 22.028607
0.424, 1514769, 8.271932
0.424, 2224217, 12.165887
0.424, 1554618, 8.674377
0.425, 1470377, 8.215182
0.425, 1413020, 7.752515
0.425, 2879590, 15.806629
0.425, 1268991, 6.964958
0.425, 6279088, 34.543159
0.426, 3513114, 19.170372
0.426, 3142958, 17.124816
0.426, 1827532, 9.951056
0.426, 1167168, 6.339017
0.426, 3063244, 16.521567
0.427, 1697200, 9.133354
0.427, 2241836, 12.068215
0.427, 2530384, 13.595639
0.427, 2923908, 15.708056
0.427, 1793937, 9.662444
0.428, 4930374, 26.546454
0.428, 6241933, 33.562841
0.428, 1890327, 10.164267
0.428, 1033801, 5.581899
0.428, 2358193, 12.70973
0.429, 2566532, 13.810364
0.429, 1553199, 8.358107
0.429, 2304587, 12.391177
0.429, 7003046, 37.730549
0.429, 846257, 4.549767
0.43, 1512988, 8.140977
0.43, 1965371, 10.611445
0.43, 2072524, 11.153075
0.43, 1500052, 8.065623
0.43, 1624141, 8.745063
0.431, 4664261, 25.110846
0.431, 1183640, 6.449399
0.431, 9959108, 53.53056
0.431, 5082089, 27.280643
0.431, 2912044, 15.635243
0.432, 3797597, 20.428758
0.432, 2006521, 10.774849
0.432, 3164558, 17.029085
0.432, 2348470, 12.609396
0.432, 7589134, 40.828078
0.433, 3457222, 18.760358
0.433, 5100440, 27.622332
0.433, 11210414, 60.511989
0.433, 2979373, 16.059285
0.433, 2239184, 12.070522
0.434, 12676776, 68.442497
0.434, 4633034, 24.940388
0.434, 4137679, 22.263877
0.434, 3655369, 19.676607
0.434, 8129267, 43.855145
0.435, 2174232, 11.711669
0.435, 5201121, 27.924408
0.435, 5421181, 29.390967
0.435, 2054809, 11.104038
0.435, 6695661, 36.012754
0.436, 8428073, 45.985645
0.436, 13602660, 73.099136
0.436, 4490456, 24.225346
0.436, 9179509, 49.400346
0.436, 2259391, 12.319554
0.437, 10411454, 56.785571
0.437, 6405487, 34.529502
0.437, 2394711, 12.825787
0.437, 14148594, 76.130388
0.437, 5235949, 28.156113
0.438, 5437881, 29.162401
0.438, 6550939, 35.190389
0.438, 13528547, 72.5609
0.438, 17783359, 95.476025
0.438, 1312426, 7.058096
0.439, 8795405, 47.160566
0.439, 6821508, 36.552643
0.439, 17975632, 97.009864
0.439, 6809252, 37.024078
0.439, 13530902, 73.51513
0.44, 16938653, 91.320011
0.44, 51622733, 277.936591
0.44, 3760627, 20.334697
0.44, 7678300, 41.41324
0.44, 5599699, 30.183261
0.441, 27404108, 147.653174
0.441, 1256651, 6.781373
0.441, 918708, 4.949855
0.441, 49770221, 268.729158
0.441, 1053698, 5.738745
0.442, 10116573, 54.990479
0.442, 7139560, 38.670445
0.442, 5991952, 32.414397
0.442, 27586844, 150.387369
0.442, 3535622, 19.174411
0.443, 30735384, 167.391588
0.443, 5548434, 29.975065
0.443, 14386670, 77.920369
0.443, 9574954, 51.694661
0.443, 12459642, 68.069205
0.444, 19178911, 104.929963
0.444, 54380399, 293.522162
0.444, 5473630, 29.456363
0.444, 4735177, 25.892456
0.444, 23525260, 127.352172
0.445, 1658262, 9.052914
0.445, 15878712, 85.522853
0.445, 20177097, 108.964288
0.445, 1660875, 8.954888
0.445, 67520538, 366.711891
0.446, 3871688, 20.933214
0.446, 8182495, 44.093329
0.446, 79829810, 430.687332
0.446, 42030076, 227.781726
0.446, 5125778, 27.816507
0.447, 12318494, 66.874023
0.447, 21779130, 118.858144
0.447, 8293552, 45.003779
0.447, 59098572, 333.236399
0.447, 10569083, 57.075424
0.448, 47726409, 260.257896
0.448, 133502670, 726.950722
0.448, 35811544, 196.139994
0.448, 4055711, 22.381259
0.448, 145588428, 787.902256
0.449, 107376085, 572.261377
0.449, 178776829, 949.810453
0.449, 20177029, 107.404714
0.449, 25407927, 135.563841
0.449, 82736899, 442.39632
0.45, 86901893, 467.467471
0.45, 5165622, 28.024924
0.45, 59382670, 318.761431
0.45, 15496605, 81.651295
0.45, 62580790, 329.687767
