0.4, 369703, 2.042729
0.4, 847234, 4.677255
0.4, 940307, 5.201542
0.4, 933305, 5.11353
0.4, 382523, 2.095254
0.41, 652711, 3.575343
0.41, 463799, 2.538991
0.41, 703176, 3.843762
0.41, 893255, 4.902068
0.41, 938015, 5.115746
0.42, 1797309, 9.823494
0.42, 2060207, 11.599972
0.42, 1074182, 6.000072
0.42, 1119089, 6.240199
0.42, 936580, 5.187179
0.43, 918619, 5.295895
0.43, 6253526, 36.512905
0.43, 3383834, 18.781112
0.43, 1649626, 9.175647
0.43, 1674011, 9.496413
0.44, 8608940, 49.107719
0.44, 2960176, 16.946425
0.44, 6650801, 36.088223
0.44, 15391503, 85.154682
0.44, 6426895, 36.663364
