0.4, 4061054, 22.514578
0.4, 3588630, 20.326682
0.4, 4108397, 23.326355
0.401, 4190815, 23.515683
0.401, 3726341, 21.169993
0.401, 3742213, 20.797077
0.402, 5279030, 29.173714
0.402, 3118884, 17.379561
0.402, 3461523, 18.856471
0.403, 3206818, 17.580702
0.403, 4242429, 23.204664
0.403, 3538206, 19.353549
0.404, 4521031, 25.055612
0.404, 4205842, 23.365188
0.404, 3436450, 19.053683
0.405, 5230763, 28.887887
0.405, 5547530, 30.545124
0.405, 4331213, 24.042673
0.406, 6616827, 36.661783
0.406, 4370240, 24.212546
0.406, 4216487, 23.756615
0.407, 4145907, 22.74593
0.407, 6552907, 35.960777
0.407, 2978511, 16.674804
0.408, 4515262, 25.04956
0.408, 3974772, 22.257947
0.408, 5529160, 30.366144
0.409, 6448051, 35.4188
0.409, 5809386, 32.101267
0.409, 5354621, 29.348871
0.41, 4174370, 23.032301
0.41, 5217138, 28.69342
0.41, 6024147, 33.27783
0.411, 4768575, 26.08364
0.411, 9675947, 52.843936
0.411, 5957016, 32.688558
0.412, 8755336, 47.972135
0.412, 7811333, 42.913023
0.412, 6446671, 35.428049
0.413, 3972435, 21.72859
0.413, 5634274, 31.047293
0.413, 7910530, 43.393601
0.414, 5187792, 28.818108
0.414, 3797419, 21.193785
0.414, 5913562, 32.77421
0.415, 4670930, 25.756284
0.415, 3441239, 18.911093
0.415, 9131467, 50.103389
0.416, 10029511, 54.878295
0.416, 10585721, 57.937296
0.416, 14803976, 82.385616
0.417, 5699666, 32.200258
0.417, 10093282, 55.860033
0.417, 8067838, 45.207466
0.418, 7949015, 43.774521
0.418, 12432051, 68.548081
0.418, 16202977, 88.592191
0.419, 10680742, 58.039205
0.419, 12198833, 65.709063
0.419, 7333546, 39.552584
0.42, 9430935, 51.661964
0.42, 7848232, 44.074559
0.42, 13671367, 77.093326
0.421, 8900917, 49.865641
0.421, 20902401, 118.616774
0.421, 11771263, 66.539291
0.422, 18006123, 98.386314
0.422, 8755507, 48.028179
0.422, 10044200, 55.955581
0.423, 20820901, 116.954225
0.423, 31503366, 174.84197
0.423, 12620880, 71.037604
0.424, 10202477, 57.340817
0.424, 10719239, 59.087226
0.424, 13366459, 73.799257
0.425, 16698423, 91.904398
0.425, 22101431, 124.46331
0.425, 11306029, 63.756337
0.426, 14575021, 82.511589
0.426, 22516235, 125.641448
0.426, 32672670, 180.524046
0.427, 21663869, 120.597498
0.427, 17884902, 100.239567
0.427, 7641954, 42.588403
0.428, 15695047, 86.723573
0.428, 23333186, 128.760956
0.428, 16111143, 92.516928
0.429, 10957381, 63.823255
0.429, 15776572, 90.265655
0.429, 34145047, 195.640028
0.43, 44886109, 258.394312
0.43, 8129074, 46.383975
0.43, 16367884, 94.395792
0.431, 43383708, 247.747697
0.431, 13975279, 80.369336
0.431, 41367323, 239.94358
0.432, 52887629, 302.310631
0.432, 63137552, 346.850078
0.432, 39821346, 217.527256
0.433, 38258684, 207.809899
0.433, 61410213, 332.958321
0.433, 70121322, 383.212378
0.434, 78790487, 426.919443
0.434, 48506405, 265.317889
0.434, 24289828, 131.704422
0.435, 75874065, 412.799472
