0.4, 466006, 2.404078
0.4, 282910, 1.456969
0.4, 825636, 4.243974
0.4, 333300, 1.716002
0.4, 615851, 3.16588
0.401, 456141, 2.357007
0.401, 426599, 2.199248
0.401, 470053, 2.414783
0.401, 347138, 1.79261
0.401, 593261, 3.059128
0.402, 474295, 2.455915
0.402, 404693, 2.082378
0.402, 701255, 3.645195
0.402, 443486, 2.279676
0.402, 1263088, 6.555651
0.403, 358789, 1.840755
0.403, 374472, 1.926767
0.403, 381375, 1.958273
0.403, 666428, 3.441185
0.403, 1566338, 8.118075
0.404, 688966, 3.556628
0.404, 1077633, 5.553928
0.404, 860706, 4.440122
0.404, 653556, 3.457086
0.404, 282571, 1.476269
0.405, 713538, 3.693238
0.405, 462365, 2.389788
0.405, 1022094, 5.30231
0.405, 567202, 2.947283
0.405, 955075, 5.102277
0.406, 279362, 1.443798
0.406, 534617, 2.877487
0.406, 581093, 3.107064
0.406, 285124, 1.572599
0.406, 609944, 3.194175
0.407, 778925, 4.006071
0.407, 389180, 1.999688
0.407, 598400, 3.117588
0.407, 561136, 2.938745
0.407, 1080417, 5.63608
0.408, 810398, 4.29847
0.408, 1570164, 8.26539
0.408, 994909, 5.360406
0.408, 669022, 3.563433
0.408, 855605, 4.688182
0.409, 548453, 2.94426
0.409, 513651, 2.698847
0.409, 549542, 2.829754
0.409, 541822, 2.780566
0.409, 516842, 2.656247
0.41, 793948, 4.073737
0.41, 228477, 1.174735
0.41, 1023414, 5.247913
0.41, 598703, 3.076047
0.41, 495670, 2.546028
0.411, 732112, 3.753554
0.411, 600539, 3.082359
0.411, 427385, 2.189625
0.411, 789976, 4.047497
0.411, 1007439, 5.169788
0.412, 629779, 3.230732
0.412, 1017063, 5.213105
0.412, 1164594, 5.967677
0.412, 470172, 2.408534
0.412, 1168120, 5.989492
0.413, 971586, 4.981563
0.413, 625218, 3.203036
0.413, 731704, 3.746164
0.413, 846632, 4.334813
0.413, 852211, 4.361127
0.414, 659018, 3.375236
0.414, 469060, 2.402405
0.414, 346945, 1.776177
0.414, 1204846, 6.173743
0.414, 1122126, 5.759461
0.415, 833050, 4.26897
0.415, 559363, 2.865033
0.415, 770380, 3.946039
0.415, 1186458, 6.088564
0.415, 3047273, 15.620037
0.416, 719542, 3.694546
0.416, 732059, 3.745488
0.416, 1105515, 5.662617
0.416, 1007523, 5.153778
0.416, 641062, 3.28545
0.417, 1151968, 5.943194
0.417, 952939, 4.940648
0.417, 819890, 4.207963
0.417, 1218769, 6.27077
0.417, 736783, 3.793127
0.418, 751269, 3.845729
0.418, 835735, 4.284547
0.418, 979357, 5.189723
0.418, 1201964, 6.297275
0.418, 1022629, 5.305241
0.419, 737359, 3.84531
0.419, 1515015, 8.046742
0.419, 2988168, 16.257435
0.419, 2555576, 13.435869
0.419, 3226665, 16.7093
0.42, 2452182, 12.678058
0.42, 997436, 5.156592
0.42, 893219, 4.623568
0.42, 895243, 4.634114
0.42, 2673553, 13.85666
0.421, 783324, 4.058275
0.421, 1026825, 5.309557
0.421, 1886343, 9.754997
0.421, 465750, 2.409387
0.421, 1029096, 5.329898
0.422, 1186789, 6.136552
0.422, 829001, 4.284136
0.422, 998275, 5.162101
0.422, 962340, 4.977294
0.422, 1037984, 5.383413
0.423, 3134119, 16.491122
0.423, 1213125, 6.274101
0.423, 1373712, 7.091298
0.423, 945293, 4.905194
0.423, 1058205, 5.483678
0.424, 1188249, 6.169867
0.424, 823699, 4.259784
0.424, 914691, 4.730321
0.424, 3391555, 17.577838
0.424, 2304555, 11.999762
0.425, 1280863, 6.615353
0.425, 739992, 3.815947
0.425, 2977639, 15.516937
0.425, 2460217, 12.757661
0.425, 787429, 4.103566
0.426, 487437, 2.533782
0.426, 1629163, 8.422654
0.426, 3413131, 17.658481
0.426, 1171958, 6.055265
0.426, 3183943, 16.469139
0.427, 1551880, 8.045422
0.427, 1811426, 9.37691
0.427, 1004202, 5.199681
0.427, 3113024, 16.126762
0.427, 1752122, 9.117004
0.428, 1511596, 7.817445
0.428, 1181132, 6.096955
0.428, 1382828, 7.147773
0.428, 1133561, 5.875511
0.428, 3633251, 19.212001
0.429, 2735959, 14.230068
0.429, 3022519, 15.726109
0.429, 3228421, 16.877766
0.429, 1140137, 5.900696
0.429, 3624212, 18.892984
0.43, 3374084, 17.457139
0.43, 5590325, 28.907363
0.43, 1022684, 5.271364
0.43, 900124, 4.599929
0.43, 962188, 4.908395
0.431, 2525225, 12.912147
0.431, 3930275, 20.058883
0.431, 1395734, 7.097761
0.431, 5964214, 30.382243
0.431, 2484457, 12.659106
0.432, 2756572, 14.053209
0.432, 837426, 4.271297
0.432, 8007180, 40.940659
0.432, 1665058, 8.499039
0.432, 4779864, 24.422749
0.433, 8423184, 42.984504
0.433, 6467208, 33.034451
0.433, 1769654, 9.031321
0.433, 5946715, 30.371115
0.433, 13524920, 69.027856
0.434, 2188969, 11.160693
0.434, 6247713, 31.904443
0.434, 1842435, 9.389564
0.434, 1298431, 6.649996
0.434, 5102076, 26.020253
0.435, 9708170, 49.553646
0.435, 9479852, 48.763136
0.435, 5437973, 27.831724
0.435, 5256048, 26.918917
0.435, 1636719, 8.372744
0.436, 5518083, 28.217208
0.436, 1690416, 8.638751
0.436, 3255560, 16.64456
0.436, 1581536, 8.088289
0.436, 2852844, 14.653552
0.437, 3987048, 20.458689
0.437, 12232733, 62.470867
0.437, 1620637, 8.27809
0.437, 7113324, 36.378417
0.437, 689534, 3.517826
0.438, 870422, 4.464508
0.438, 17893596, 91.83765
0.438, 2911781, 14.867925
0.438, 2912526, 14.937553
0.438, 1487683, 7.754126
0.439, 3915750, 20.134113
0.439, 9304271, 47.773356
0.439, 9942659, 50.69047
0.439, 8053552, 41.194378
0.439, 2354750, 12.002431
0.44, 4611076, 23.749848
0.44, 19400675, 99.657978
0.44, 17041737, 86.923907
0.44, 3013526, 15.365791
0.44, 8960458, 45.630912
0.441, 6187412, 31.522264
0.441, 1969954, 10.019825
0.441, 6212138, 31.641897
0.441, 8192164, 41.743041
0.441, 2931830, 14.919608
0.442, 4182257, 21.309222
0.442, 15983336, 81.45012
0.442, 32368509, 165.699361
0.442, 38300418, 196.612012
0.442, 10682599, 54.619414
0.443, 8671576, 44.774329
0.443, 9526893, 48.981314
0.443, 10223687, 52.728541
0.443, 17331521, 90.442532
0.443, 60677570, 314.18347
0.444, 17388837, 89.517098
0.444, 26052080, 136.007521
0.444, 13368275, 68.756654
0.444, 3499644, 17.999862
0.444, 868347, 4.451695
0.445, 18111086, 93.155112
0.445, 2884036, 14.876251
0.445, 1443173, 7.513489
0.445, 50530210, 259.849157
0.445, 7028042, 36.541322
0.446, 79906224, 410.794083
0.446, 24319427, 126.004834
0.446, 4295109, 22.348187
0.446, 28855680, 148.297245
0.446, 31556339, 161.945638
0.447, 2095560, 10.764535
0.447, 2576923, 13.21316
0.447, 6493077, 33.403961
0.447, 13902960, 71.284453
0.447, 5225967, 26.77786
0.448, 43000775, 221.78949
0.448, 55314638, 286.656304
0.448, 4768073, 25.18305
0.448, 56306829, 304.034169
0.448, 17550975, 90.254021
0.449, 51351660, 266.598621
0.449, 39679222, 205.721669
0.449, 4472760, 23.333491
0.449, 2847593, 14.902114
0.449, 40225922, 208.491759
0.45, 47070272, 244.102537
0.45, 22996315, 119.802781
0.45, 78473600, 407.844306
0.45, 8480074, 44.325248
0.45, 18366253, 94.488249
