0.4, 3367224, 18.386803
0.401, 5268858, 28.641579
0.402, 3991985, 22.170305
0.403, 7167716, 40.168488
0.404, 5132470, 28.805824
0.405, 3246548, 18.244408
0.406, 6410605, 36.162071
0.407, 6800713, 38.003858
0.408, 5793672, 32.402631
0.409, 6438845, 36.543016
0.41, 5773972, 32.131936
0.411, 10607343, 58.041174
0.412, 9642950, 52.969729
0.413, 8976475, 49.827322
0.414, 4673219, 25.800502
0.415, 14619211, 81.342623
0.416, 6526870, 36.577357
0.417, 6311825, 35.246444
0.418, 5681061, 31.882127
0.419, 7558966, 42.218967
0.42, 18493447, 103.402612
0.421, 12366104, 67.618254
0.422, 16219952, 90.276267
0.423, 26111910, 150.086678
0.424, 13991609, 80.839505
0.425, 10000664, 57.684173
0.426, 12471083, 67.850467
0.427, 40046860, 216.094698
0.428, 14430897, 80.930904
0.429, 15519773, 85.356745
0.43, 15125797, 83.160887
0.431, 40624532, 226.992716
0.432, 40294197, 221.419078
0.433, 45173337, 249.608066
0.434, 87872140, 486.16388
0.435, 122489141, 676.733792
0.436, 103496547, 568.050915
0.437, 255084978, 1423.272386
