0.4, 432463, 2.192969
0.4, 625878, 3.2037
0.4, 352946, 1.783719
0.4, 1100188, 5.547367
0.4, 300898, 1.529102
0.41, 892520, 4.51846
0.41, 1000190, 5.163433
0.41, 678141, 3.513496
0.41, 779466, 4.113727
0.41, 593286, 3.051298
0.42, 1186540, 6.106554
0.42, 1396559, 7.185834
0.42, 1584615, 8.162788
0.42, 1527235, 7.847418
0.42, 2270963, 11.829323
0.43, 2838506, 14.905508
0.43, 923658, 4.794391
0.43, 862545, 4.525232
0.43, 1711523, 9.449326
0.43, 1369307, 7.560742
0.44, 6756316, 36.385915
0.44, 19525469, 103.461811
0.44, 5420312, 27.637027
0.44, 1802995, 9.211318
0.44, 6807323, 34.94417
