0.4, 449455, 2.410577
0.4, 574421, 3.035664
0.4, 1600920, 8.632117
0.4, 591128, 3.223803
0.4, 949662, 5.194223
0.405, 697422, 3.75663
0.405, 1033794, 5.582938
0.405, 1022566, 5.513256
0.405, 435879, 2.351986
0.405, 610114, 3.294377
0.41, 879310, 4.77048
0.41, 1232428, 6.658097
0.41, 1179791, 6.390058
0.41, 559101, 3.046715
0.41, 941801, 5.110865
0.415, 1065424, 5.780202
0.415, 1373727, 7.473243
0.415, 757030, 4.101947
0.415, 694089, 3.781354
0.415, 1004411, 5.486056
0.42, 1807121, 9.847614
0.42, 1097723, 5.958347
0.42, 1997933, 10.924055
0.42, 1940344, 10.450312
0.42, 2767205, 14.914129
0.425, 2635927, 14.216153
0.425, 3175687, 17.11588
0.425, 2166535, 11.724758
0.425, 4778479, 25.747394
0.425, 5248803, 28.24937
0.43, 1018395, 5.484351
0.43, 999348, 5.397386
0.43, 2497685, 13.439612
0.43, 1640566, 8.82547
0.43, 1859863, 10.012814
0.435, 5081647, 27.302343
0.435, 10031734, 54.05645
0.435, 2802238, 15.057283
0.435, 1714622, 9.23771
0.435, 5848045, 31.594352
0.44, 11408067, 61.867554
0.44, 7826859, 42.626977
0.44, 11284549, 61.274751
0.44, 940528, 5.146561
0.44, 8043773, 43.773429
0.445, 30863979, 167.042867
0.445, 16101979, 84.191081
0.445, 72292457, 386.995641
0.445, 67373043, 357.789397
0.445, 30153993, 158.283178
