0.443, 8671576, 44.774329
0.443, 9526893, 48.981314
0.443, 10223687, 52.728541
0.443, 17331521, 90.442532
0.443, 60677570, 314.18347
0.444, 17388837, 89.517098
0.444, 26052080, 136.007521
0.444, 13368275, 68.756654
0.444, 3499644, 17.999862
0.444, 868347, 4.451695
0.445, 18111086, 93.155112
0.445, 2884036, 14.876251
0.445, 1443173, 7.513489
0.445, 50530210, 259.849157
0.445, 7028042, 36.541322
0.446, 79906224, 410.794083
0.446, 24319427, 126.004834
0.446, 4295109, 22.348187
0.446, 28855680, 148.297245
0.446, 31556339, 161.945638
0.447, 2095560, 10.764535
0.447, 2576923, 13.21316
0.447, 6493077, 33.403961
0.447, 13902960, 71.284453
0.447, 5225967, 26.77786
0.448, 43000775, 221.78949
0.448, 55314638, 286.656304
0.448, 4768073, 25.18305
0.448, 56306829, 304.034169
0.448, 17550975, 90.254021
0.449, 51351660, 266.598621
0.449, 39679222, 205.721669
0.449, 4472760, 23.333491
0.449, 2847593, 14.902114
0.449, 40225922, 208.491759
0.45, 47070272, 244.102537
0.45, 22996315, 119.802781
0.45, 78473600, 407.844306
0.45, 8480074, 44.325248
0.45, 18366253, 94.488249
