0.0, 6584, 0.036669
0.0, 8258, 0.044931
0.0, 7193, 0.040761
0.0, 6796, 0.037735
0.0, 8349, 0.046421
0.05, 11355, 0.062637
0.05, 9235, 0.050484
0.05, 9828, 0.054325
0.05, 11164, 0.061596
0.05, 9938, 0.054927
0.1, 11619, 0.066213
0.1, 16143, 0.090736
0.1, 13508, 0.075663
0.1, 16375, 0.089956
0.1, 13245, 0.073618
0.15, 15763, 0.086879
0.15, 17748, 0.097693
0.15, 14710, 0.081844
0.15, 18081, 0.099829
0.15, 16902, 0.093129
0.2, 27426, 0.150071
0.2, 31208, 0.171188
0.2, 32417, 0.177526
0.2, 25539, 0.141763
0.2, 27190, 0.150461
0.25, 53241, 0.293729
0.25, 37979, 0.209093
0.25, 31467, 0.170671
0.25, 47730, 0.258356
0.25, 32204, 0.176027
0.3, 78892, 0.432869
0.3, 76178, 0.409875
0.3, 76560, 0.412785
0.3, 67553, 0.363011
0.3, 64429, 0.346299
0.35, 143180, 0.769372
0.35, 148495, 0.807456
0.35, 229519, 1.246363
0.35, 147746, 0.80332
0.35, 107802, 0.587885
0.4, 779632, 4.210693
0.4, 721922, 3.928966
0.4, 614825, 3.362733
0.4, 422945, 2.309527
0.4, 917001, 4.985942
0.45, 25012015, 134.255788
0.45, 73601825, 395.029603
0.45, 110146624, 588.673712
0.45, 9919172, 52.932632
0.45, 76889567, 409.816345
