0.0, 6270, 0.044309
0.0, 8005, 0.057722
0.0, 11226, 0.079084
0.0, 6907, 0.048746
0.0, 7369, 0.051847
0.05, 8606, 0.06094
0.05, 8118, 0.057648
0.05, 7788, 0.055045
0.05, 10778, 0.076172
0.05, 7820, 0.055372
0.1, 11414, 0.080988
0.1, 8906, 0.063455
0.1, 10800, 0.076373
0.1, 9407, 0.067017
0.1, 8800, 0.062189
0.15, 13228, 0.093751
0.15, 18142, 0.127744
0.15, 12046, 0.085151
0.15, 9626, 0.070862
0.15, 15136, 0.109616
0.2, 12545, 0.088445
0.2, 13949, 0.098633
0.2, 13953, 0.098443
0.2, 16367, 0.115526
0.2, 10821, 0.076371
0.25, 17445, 0.122916
0.25, 17137, 0.120469
0.25, 13741, 0.097498
0.25, 13258, 0.09359
0.25, 18201, 0.128159
0.3, 17681, 0.124308
0.3, 17119, 0.120772
0.3, 16116, 0.113642
0.3, 15990, 0.113392
0.3, 18609, 0.13089
0.35, 22244, 0.156598
0.35, 19374, 0.136032
0.35, 27006, 0.189538
0.35, 25654, 0.180115
0.35, 20830, 0.146548
0.4, 28951, 0.202947
0.4, 25905, 0.182033
0.4, 37661, 0.263736
0.4, 24255, 0.170147
0.4, 26943, 0.188837
0.45, 31879, 0.223846
0.45, 32503, 0.227406
0.45, 37048, 0.259686
0.45, 30395, 0.212585
0.45, 31189, 0.218422
0.5, 43202, 0.301952
0.5, 51470, 0.360168
0.5, 36780, 0.257448
0.5, 63835, 0.446901
0.5, 65498, 0.457354
0.55, 58404, 0.408918
0.55, 51702, 0.361182
0.55, 48765, 0.340904
0.55, 51821, 0.361611
0.55, 87032, 0.609743
0.6, 85152, 0.628982
0.6, 58871, 0.417984
0.6, 72219, 0.503477
0.6, 90131, 0.637422
0.6, 76580, 0.534084
