0.4, 25041, 0.172471
0.4, 34860, 0.23164
0.4, 30189, 0.201903
0.4, 34491, 0.23104
0.4, 23899, 0.15994
0.41, 24880, 0.166322
0.41, 30908, 0.206456
0.41, 30178, 0.202086
0.41, 26882, 0.180098
0.41, 27930, 0.187017
0.42, 35948, 0.239785
0.42, 31136, 0.213422
0.42, 29959, 0.205519
0.42, 34646, 0.231746
0.42, 32769, 0.220375
0.43, 28077, 0.190207
0.43, 27275, 0.185042
0.43, 30582, 0.206058
0.43, 35795, 0.242292
0.43, 31121, 0.209718
0.44, 26997, 0.18252
0.44, 40738, 0.273711
0.44, 37419, 0.25297
0.44, 33671, 0.226576
0.44, 38019, 0.256903
0.45, 34807, 0.234443
0.45, 33284, 0.224209
0.45, 31944, 0.21498
0.45, 30983, 0.209215
0.45, 35385, 0.238116
0.46, 31448, 0.211853
0.46, 31128, 0.209606
0.46, 38593, 0.259565
0.46, 46638, 0.316394
0.46, 34685, 0.234193
0.47, 36878, 0.247631
0.47, 26876, 0.181864
0.47, 40874, 0.275008
0.47, 33731, 0.228079
0.47, 27093, 0.183673
0.48, 39135, 0.263541
0.48, 28221, 0.190931
0.48, 43460, 0.292331
0.48, 37123, 0.250048
0.48, 33891, 0.232754
0.49, 46657, 0.312814
0.49, 39398, 0.265948
0.49, 49611, 0.333394
0.49, 48768, 0.327729
0.49, 40733, 0.273848
