0.0, 7328, 0.038292
0.0, 6926, 0.034262
0.0, 7325, 0.038737
0.0, 7806, 0.04023
0.0, 6795, 0.035567
0.05, 8489, 0.043959
0.05, 8521, 0.043939
0.05, 7461, 0.038637
0.05, 12601, 0.065114
0.05, 11355, 0.058003
0.1, 10041, 0.051236
0.1, 9594, 0.05025
0.1, 11014, 0.057393
0.1, 9726, 0.049567
0.1, 12610, 0.066784
0.15, 13427, 0.068885
0.15, 18191, 0.092986
0.15, 15537, 0.07915
0.15, 12127, 0.064314
0.15, 12418, 0.065695
0.2, 21219, 0.107736
0.2, 25022, 0.126624
0.2, 19228, 0.098305
0.2, 15798, 0.080407
0.2, 17777, 0.09078
0.25, 33695, 0.171962
0.25, 28008, 0.143343
0.25, 33575, 0.169769
0.25, 45427, 0.231459
0.25, 29782, 0.153444
0.3, 62068, 0.311935
0.3, 54194, 0.273196
0.3, 77271, 0.391167
0.3, 59071, 0.300081
0.3, 39131, 0.199144
0.35, 80691, 0.405937
0.35, 73380, 0.367304
0.35, 109817, 0.560114
0.35, 134753, 0.70466
0.35, 145557, 0.731087
0.4, 357240, 1.790275
0.4, 716561, 3.616355
0.4, 261210, 1.307158
0.4, 219185, 1.102199
0.4, 415704, 2.096356
0.45, 14283977, 72.656318
0.45, 10136843, 51.379867
0.45, 4103723, 20.87297
0.45, 59787392, 304.13408
0.45, 28903486, 146.18301
