0.442, 10116573, 54.990479
0.442, 7139560, 38.670445
0.442, 5991952, 32.414397
0.442, 27586844, 150.387369
0.442, 3535622, 19.174411
0.443, 30735384, 167.391588
0.443, 5548434, 29.975065
0.443, 14386670, 77.920369
0.443, 9574954, 51.694661
0.443, 12459642, 68.069205
0.444, 19178911, 104.929963
0.444, 54380399, 293.522162
0.444, 5473630, 29.456363
0.444, 4735177, 25.892456
0.444, 23525260, 127.352172
0.445, 1658262, 9.052914
0.445, 15878712, 85.522853
0.445, 20177097, 108.964288
0.445, 1660875, 8.954888
0.445, 67520538, 366.711891
0.446, 3871688, 20.933214
0.446, 8182495, 44.093329
0.446, 79829810, 430.687332
0.446, 42030076, 227.781726
0.446, 5125778, 27.816507
0.447, 12318494, 66.874023
0.447, 21779130, 118.858144
0.447, 8293552, 45.003779
0.447, 59098572, 333.236399
0.447, 10569083, 57.075424
0.448, 47726409, 260.257896
0.448, 133502670, 726.950722
0.448, 35811544, 196.139994
0.448, 4055711, 22.381259
0.448, 145588428, 787.902256
0.449, 107376085, 572.261377
0.449, 178776829, 949.810453
0.449, 20177029, 107.404714
0.449, 25407927, 135.563841
0.449, 82736899, 442.39632
0.45, 86901893, 467.467471
0.45, 5165622, 28.024924
0.45, 59382670, 318.761431
0.45, 15496605, 81.651295
0.45, 62580790, 329.687767
