1.000000 384
1.010000 1542
1.020000 113
1.030000 536
1.040000 224
1.050000 383
1.060000 592
1.070000 636
1.080000 95
1.090000 247
1.100000 1720
1.110000 977
1.120000 51
1.130000 128
1.140000 677
1.150000 1639
1.160000 521
1.170000 212
1.180000 111
1.190000 336
1.200000 233
1.210000 1447
1.220000 2472
1.230000 674
1.240000 371
1.250000 552
1.260000 249
1.270000 909
1.280000 147
1.290000 714
1.300000 1366
1.310000 319
1.320000 324
1.330000 890
1.340000 1007
1.350000 538
1.360000 187
1.370000 799
1.380000 61
1.390000 879
1.400000 326
1.410000 222
1.420000 1773
1.430000 60
1.440000 21
1.450000 311
1.460000 1858
1.470000 12
1.480000 2445
1.490000 2451
1.500000 257
1.510000 4536
1.520000 866
1.530000 55
1.540000 82
1.550000 258
1.560000 770
1.570000 1104
1.580000 1376
1.590000 40
1.600000 797
1.610000 1816
1.620000 567
1.630000 2708
1.640000 361
1.650000 579
1.660000 192
1.670000 444
1.680000 1781
1.690000 426
1.700000 385
1.710000 230
1.720000 909
1.730000 316
1.740000 143
1.750000 457
1.760000 1350
1.770000 1728
1.780000 86
1.790000 4798
1.800000 1476
1.810000 1525
1.820000 612
1.830000 408
1.840000 503
1.850000 175
1.860000 4299
1.870000 230
1.880000 1823
1.890000 577
1.900000 414
1.910000 326
1.920000 549
1.930000 4686
1.940000 1063
1.950000 2089
1.960000 974
1.970000 478
1.980000 1876
1.990000 1916
2.000000 377
2.010000 307
2.020000 2850
2.030000 984
2.040000 589
2.050000 1697
2.060000 5296
2.070000 1513
2.080000 323
2.090000 3411
2.100000 4279
2.110000 1268
2.120000 175
2.130000 1492
2.140000 4278
2.150000 1536
2.160000 913
2.170000 8061
2.180000 124
2.190000 341
2.200000 3776
2.210000 926
2.220000 786
2.230000 1123
2.240000 781
2.250000 6092
2.260000 10609
2.270000 924
2.280000 309
2.290000 200
2.300000 802
2.310000 564
2.320000 68
2.330000 1034
2.340000 773
2.350000 1782
2.360000 1561
2.370000 10947
2.380000 2225
2.390000 556
2.400000 2935
2.410000 4089
2.420000 4629
2.430000 3967
2.440000 1556
2.450000 1192
2.460000 1492
2.470000 1691
2.480000 3253
2.490000 1009
2.500000 731
2.510000 4991
2.520000 1009
2.530000 5639
2.540000 722
2.550000 3316
2.560000 2417
2.570000 1426
2.580000 3265
2.590000 4872
2.600000 1275
2.610000 818
2.620000 2870
2.630000 803
2.640000 6133
2.650000 216
2.660000 14158
2.670000 1798
2.680000 5885
2.690000 9252
2.700000 9359
2.710000 2525
2.720000 12209
2.730000 4930
2.740000 3728
2.750000 633
2.760000 4314
2.770000 12253
2.780000 11818
2.790000 15657
2.800000 38848
2.810000 34424
2.820000 61061
2.830000 42333
2.840000 106264
2.850000 235749
2.860000 15099
2.870000 207359
2.880000 197136
2.890000 62710
2.900000 778632
2.910000 772543