0.01, 138, 0.001861
0.01, 169, 0.002208
0.01, 105, 0.001159
0.01, 127, 0.001376
0.01, 100, 0.001067
0.01, 335, 0.0036
0.01, 193, 0.002247
0.01, 153, 0.001717
0.01, 109, 0.001249
0.01, 103, 0.001095
0.01, 208, 0.002246
0.01, 160, 0.001802
0.01, 161, 0.00191
0.01, 90, 0.001022
0.01, 170, 0.001864
0.01, 259, 0.002762
0.01, 111, 0.001213
0.01, 106, 0.001223
0.01, 150, 0.001698
0.02, 91, 0.001163
0.02, 108, 0.001217
0.02, 115, 0.001223
0.02, 141, 0.001525
0.02, 188, 0.002028
0.02, 124, 0.001358
0.02, 242, 0.00262
0.02, 73, 0.000991
0.02, 154, 0.001788
0.02, 168, 0.001936
0.02, 148, 0.001691
0.02, 234, 0.002736
0.02, 155, 0.001651
0.02, 325, 0.003478
0.02, 128, 0.00139
0.02, 280, 0.002991
0.02, 145, 0.001584
0.02, 128, 0.00152
0.02, 152, 0.001737
0.03, 110, 0.001206
0.03, 120, 0.001293
0.03, 70, 0.000763
0.03, 115, 0.001243
0.03, 114, 0.001249
0.03, 137, 0.001498
0.03, 131, 0.001416
0.03, 119, 0.001428
0.03, 190, 0.002197
0.03, 169, 0.002
0.03, 170, 0.002036
0.03, 179, 0.001932
0.03, 305, 0.003251
0.03, 151, 0.001604
0.03, 178, 0.001873
0.03, 139, 0.001479
0.03, 88, 0.000941
0.03, 94, 0.001012
0.03, 207, 0.002373
0.04, 80, 0.001128
0.04, 240, 0.002884
0.04, 181, 0.00205
0.04, 188, 0.002171
0.04, 177, 0.001895
0.04, 179, 0.001904
0.04, 215, 0.002307
0.04, 175, 0.002105
0.04, 146, 0.001795
0.04, 169, 0.001959
0.04, 194, 0.002521
0.04, 149, 0.001889
0.04, 187, 0.001999
0.04, 178, 0.00188
0.04, 200, 0.002158
0.04, 164, 0.001904
0.04, 162, 0.001819
0.04, 229, 0.002512
0.04, 185, 0.001942
0.05, 282, 0.002905
0.05, 323, 0.003444
0.05, 118, 0.001258
0.05, 164, 0.001759
0.05, 96, 0.001024
0.05, 178, 0.002067
0.05, 482, 0.005083
0.05, 118, 0.001243
0.05, 211, 0.002245
0.05, 174, 0.001798
0.05, 191, 0.002013
0.05, 135, 0.001508
0.05, 173, 0.002284
0.05, 472, 0.005608
0.05, 220, 0.002408
0.05, 176, 0.00191
0.05, 142, 0.001461
0.05, 385, 0.004127
0.05, 197, 0.002054
0.06, 117, 0.001268
0.06, 212, 0.002284
0.06, 166, 0.001741
0.06, 666, 0.006771
0.06, 120, 0.001294
0.06, 758, 0.008104
0.06, 222, 0.00229
0.06, 219, 0.002324
0.06, 314, 0.003576
0.06, 355, 0.004992
0.06, 233, 0.00265
0.06, 150, 0.001666
0.06, 313, 0.003373
0.06, 128, 0.001417
0.06, 167, 0.001824
0.06, 629, 0.006671
0.06, 163, 0.001688
0.06, 249, 0.002548
0.06, 418, 0.004368
0.07, 170, 0.001804
0.07, 129, 0.001524
0.07, 493, 0.005576
0.07, 776, 0.008081
0.07, 835, 0.009532
0.07, 398, 0.004206
0.07, 195, 0.002011
0.07, 248, 0.002607
0.07, 194, 0.002039
0.07, 92, 0.000987
0.07, 443, 0.004524
0.07, 149, 0.001541
0.07, 283, 0.002937
0.07, 165, 0.001679
0.07, 483, 0.005181
0.07, 793, 0.008139
0.07, 235, 0.002412
0.07, 126, 0.001357
0.07, 423, 0.004725
0.08, 198, 0.002304
0.08, 204, 0.002168
0.08, 122, 0.001295
0.08, 255, 0.002717
0.08, 267, 0.002655
0.08, 189, 0.00198
0.08, 678, 0.007065
0.08, 185, 0.002088
0.08, 201, 0.002001
0.08, 7195, 0.073878
0.08, 98, 0.001011
0.08, 145, 0.001531
0.08, 462, 0.004727
0.08, 455, 0.00462
0.08, 128, 0.001325
0.08, 1351, 0.01664
0.08, 347, 0.004692
0.08, 458, 0.005039
0.08, 180, 0.001813
0.09, 316, 0.003167
0.09, 5345, 0.053616
0.09, 519, 0.005756
0.09, 2962, 0.029405
0.09, 492, 0.005144
0.09, 3056, 0.030814
0.09, 107, 0.001143
0.09, 432, 0.004521
0.09, 5310, 0.052419
0.09, 226, 0.002283
0.09, 271, 0.003118
0.09, 233, 0.003017
0.09, 213, 0.002382
0.09, 483, 0.004972
0.09, 384, 0.00387
0.09, 7708, 0.07502
0.09, 155, 0.001618
0.09, 131, 0.001379
0.09, 272, 0.002766
0.1, 135, 0.001432
0.1, 206, 0.002092
0.1, 160, 0.001662
0.1, 218, 0.002154
0.1, 521, 0.0052
0.1, 410, 0.004156
0.1, 627, 0.006385
0.1, 11478, 0.109967
0.1, 357, 0.003612
0.1, 465, 0.004587
0.1, 324, 0.003241
0.1, 232, 0.002333
0.1, 524, 0.005232
0.1, 10793, 0.104099
0.1, 43729, 0.422634
0.1, 393, 0.003876
0.1, 180, 0.001862
0.1, 61252, 0.595264
0.1, 317, 0.003127
0.11, 296, 0.002965
0.11, 171474, 1.643287
0.11, 150, 0.001545
0.11, 124, 0.001296
0.11, 26942, 0.263623
0.11, 390, 0.00391
0.11, 20476, 0.19531
0.11, 197, 0.00203
0.11, 32588, 0.307204
0.11, 633506, 5.990337
0.11, 279, 0.002837
0.11, 846, 0.008368
0.11, 421, 0.004171
0.11, 300, 0.002988
0.11, 111, 0.001174
0.11, 521, 0.005261
0.11, 2854, 0.029209
0.11, 199, 0.001982
0.11, 170, 0.001772
0.12, 277, 0.002926
0.12, 657246, 6.254368
0.12, 2335676, 22.352625
0.12, 441, 0.004286
0.12, 235, 0.00233
0.12, 268, 0.002852
0.12, 1313021, 12.568109
0.12, 166, 0.001831
0.12, 298, 0.002918
0.12, 321, 0.003391
0.12, 238, 0.002509
0.12, 365, 0.00378300000001
0.12, 281, 0.00306999999999
0.12, 3567097, 34.908412
0.12, 1003249, 10.118901
0.12, 203, 0.00208600000001
0.12, 407, 0.004242
0.12, 300, 0.00302499999999
0.12, 641442, 6.212972
0.13, 293, 0.00306500000001
