0.01, 117, 0.001427
0.01, 100, 0.001393
0.01, 155, 0.001987
0.01, 99, 0.001952
0.01, 189, 0.002504
0.01, 103, 0.001132
0.01, 143, 0.001793
0.01, 122, 0.001447
0.01, 88, 0.001032
0.01, 110, 0.001365
0.01, 181, 0.002049
0.01, 151, 0.001659
0.01, 100, 0.001134
0.01, 115, 0.001306
0.01, 113, 0.001359
0.01, 117, 0.001395
0.01, 93, 0.001115
0.01, 154, 0.001715
0.01, 104, 0.001165
0.02, 143, 0.001587
0.02, 105, 0.001178
0.02, 130, 0.001684
0.02, 148, 0.002447
0.02, 243, 0.003157
0.02, 252, 0.002733
0.02, 155, 0.001717
0.02, 184, 0.001987
0.02, 137, 0.0015
0.02, 161, 0.00179
0.02, 178, 0.001967
0.02, 147, 0.001653
0.02, 236, 0.002642
0.02, 138, 0.001571
0.02, 143, 0.001589
0.02, 193, 0.002079
0.02, 180, 0.002072
0.02, 116, 0.001404
0.02, 201, 0.002289
0.03, 254, 0.003107
0.03, 125, 0.001391
0.03, 125, 0.001499
0.03, 102, 0.001136
0.03, 192, 0.002102
0.03, 126, 0.001403
0.03, 223, 0.002589
0.03, 115, 0.001363
0.03, 342, 0.004057
0.03, 143, 0.001886
0.03, 267, 0.004074
0.03, 142, 0.00162
0.03, 144, 0.001635
0.03, 232, 0.003106
0.03, 171, 0.002554
0.03, 126, 0.001567
0.03, 169, 0.001996
0.03, 453, 0.00523
0.03, 90, 0.000978
0.04, 167, 0.001792
0.04, 375, 0.00424
0.04, 231, 0.003952
0.04, 186, 0.002256
0.04, 209, 0.002383
0.04, 121, 0.001388
0.04, 172, 0.001847
0.04, 139, 0.001559
0.04, 135, 0.001479
0.04, 292, 0.003782
0.04, 105, 0.002169
0.04, 263, 0.002909
0.04, 146, 0.00162
0.04, 147, 0.001643
0.04, 339, 0.003758
0.04, 338, 0.003838
0.04, 116, 0.001506
0.04, 231, 0.002854
0.04, 229, 0.002554
0.05, 182, 0.002023
0.05, 171, 0.001838
0.05, 309, 0.003561
0.05, 131, 0.001655
0.05, 715, 0.008036
0.05, 157, 0.001716
0.05, 158, 0.001699
0.05, 188, 0.00204
0.05, 98, 0.001144
0.05, 185, 0.003153
0.05, 151, 0.002347
0.05, 146, 0.001595
0.05, 169, 0.001864
0.05, 234, 0.002598
0.05, 170, 0.001849
0.05, 143, 0.001573
0.05, 192, 0.002056
0.05, 155, 0.001694
0.05, 118, 0.001364
0.06, 140, 0.001535
0.06, 151, 0.001652
0.06, 291, 0.003174
0.06, 91, 0.001018
0.06, 1024, 0.01129
0.06, 198, 0.002269
0.06, 174, 0.001943
0.06, 154, 0.001679
0.06, 318, 0.00345
0.06, 271, 0.003015
0.06, 464, 0.006185
0.06, 249, 0.002798
0.06, 668, 0.007064
0.06, 1166, 0.011829
0.06, 121, 0.001306
0.06, 193, 0.002075
0.06, 367, 0.004207
0.06, 135, 0.001507
0.06, 838, 0.009145
0.07, 132, 0.001649
0.07, 204, 0.002279
0.07, 534, 0.006265
0.07, 629, 0.00675
0.07, 539, 0.006009
0.07, 120, 0.001348
0.07, 341, 0.003592
0.07, 114, 0.001238
0.07, 275, 0.002991
0.07, 279, 0.003027
0.07, 130, 0.001447
0.07, 406, 0.004611
0.07, 224, 0.002484
0.07, 568, 0.006485
0.07, 546, 0.00598
0.07, 190, 0.002095
0.07, 159, 0.001751
0.07, 188, 0.002081
0.07, 221, 0.002318
0.08, 217, 0.002299
0.08, 479, 0.00504
0.08, 796, 0.008596
0.08, 377, 0.003942
0.08, 149, 0.001727
0.08, 507, 0.005397
0.08, 1030, 0.010675
0.08, 310, 0.003263
0.08, 663, 0.006719
0.08, 798, 0.008272
0.08, 483, 0.005406
0.08, 219, 0.00235
0.08, 114, 0.001251
0.08, 112, 0.001213
0.08, 151, 0.001685
0.08, 618, 0.006799
0.08, 1280, 0.013411
0.08, 3200, 0.03332
0.08, 848, 0.008642
0.09, 438, 0.004694
0.09, 446, 0.004758
0.09, 80, 0.000897
0.09, 270, 0.002851
0.09, 561, 0.006007
0.09, 430, 0.005014
0.09, 238, 0.002603
0.09, 4500, 0.045495
0.09, 392, 0.004938
0.09, 143, 0.001611
0.09, 188, 0.002024
0.09, 229, 0.002509
0.09, 307, 0.003341
0.09, 675, 0.007303
0.09, 221, 0.002445
0.09, 121, 0.001333
0.09, 169, 0.00196
0.09, 183, 0.002292
0.09, 2447, 0.025742
0.1, 289, 0.003116
0.1, 182, 0.001906
0.1, 202, 0.00212
