0.3, 44977, 0.237867
0.3, 56739, 0.296934
0.3, 63344, 0.333361
0.3, 52760, 0.276155
0.3, 71778, 0.373684
0.3, 47484, 0.248747
0.3, 69494, 0.362931
0.3, 51388, 0.268057
0.3, 52380, 0.274926
0.3, 56980, 0.297253
0.35, 88483, 0.465048
0.35, 214439, 1.120666
0.35, 106066, 0.550704
0.35, 113438, 0.594145
0.35, 124647, 0.651542
0.35, 111930, 0.594211
0.35, 83888, 0.43598
0.35, 102134, 0.530255
0.35, 104745, 0.544867
0.35, 87701, 0.454996
0.4, 524469, 2.716503
0.4, 657844, 3.408714
0.4, 579208, 2.991905
0.4, 267895, 1.382341
0.4, 546176, 2.82163
0.4, 482564, 2.493014
0.4, 685672, 3.543333
0.4, 290136, 1.496963
0.4, 570956, 2.954375
0.4, 467097, 2.423092
