0.1, 9821, 0.055993
0.1, 12853, 0.06867
0.1, 13527, 0.07517
0.1, 11215, 0.058425
0.1, 18029, 0.094138
0.1, 10393, 0.054318
0.1, 10881, 0.057386
0.1, 10557, 0.054847
0.1, 10577, 0.056631
0.1, 12614, 0.06614
0.2, 19531, 0.102317
0.2, 19902, 0.103425
0.2, 20015, 0.103401
0.2, 27274, 0.142346
0.2, 28754, 0.150179
0.2, 31806, 0.164982
0.2, 19093, 0.101363
0.2, 17367, 0.089868
0.2, 22431, 0.115686
0.2, 31349, 0.161175
0.3, 56069, 0.287763
0.3, 45268, 0.233118
0.3, 59041, 0.304309
0.3, 54144, 0.278411
0.3, 64728, 0.332604
0.3, 48832, 0.251737
0.3, 43961, 0.225587
0.3, 82606, 0.424195
0.3, 44780, 0.230579
0.3, 45268, 0.2329
0.4, 228552, 1.16606
0.4, 808966, 4.132354
0.4, 457541, 2.334115
0.4, 285544, 1.468827
0.4, 292795, 1.49807
0.4, 643524, 3.29667
0.4, 303180, 1.549443
0.4, 330072, 1.687184
0.4, 407338, 2.069397
0.4, 575968, 2.930471
