0.4, 11921464, 88.019616
0.4, 12846825, 93.180299
0.4, 12552819, 91.288131
0.4, 12214241, 88.724025
0.4, 14254507, 103.352455
0.401, 15535158, 112.647405
0.401, 12533932, 90.979963
0.401, 11129839, 80.898395
0.401, 13003853, 94.164146
0.401, 13367564, 99.426929
0.402, 12921905, 96.353472
0.402, 13540015, 99.905193
0.402, 12595720, 92.865193
0.402, 14461538, 106.731703
0.402, 13576263, 100.375315
0.403, 12902052, 95.224204
0.403, 14012523, 105.037014
0.403, 11972566, 88.975251
0.403, 13849065, 102.236007
0.403, 14700606, 108.372147
0.404, 12854695, 96.425297
0.404, 13189461, 100.267653
0.404, 13404012, 100.822899
0.404, 12686689, 95.668995
0.404, 13200665, 99.22776
0.405, 12196516, 90.970299
0.405, 12831389, 94.493064
0.405, 14316496, 105.371641
0.405, 13066112, 96.444513
0.405, 13568796, 100.068953
0.406, 13939014, 104.542194
0.406, 12277641, 90.811564
0.406, 14824343, 109.31499
0.406, 11619981, 85.76491
0.406, 13454653, 100.781412
0.407, 14562179, 107.599109
0.407, 12561233, 92.459637
0.407, 14318588, 105.477776
0.407, 14154266, 104.695015
0.407, 12144372, 89.869132
0.408, 15698069, 116.022997
0.408, 12419369, 92.260672
0.408, 14542497, 106.575795
0.408, 12969922, 96.105298
0.408, 12762806, 95.000332
0.409, 13331976, 98.665554
0.409, 13040522, 96.700537
0.409, 12727091, 94.197893
0.409, 14778092, 109.817008
0.409, 13199794, 97.220795
0.41, 13147005, 97.108588
0.41, 13427153, 99.416787
0.41, 14176101, 104.957831
0.41, 13562223, 100.166276
0.41, 13322979, 99.734059
0.411, 14249931, 103.163008
0.411, 12179478, 90.63827
0.411, 11975151, 89.649179
0.411, 12792699, 95.808486
0.411, 13949381, 103.864069
0.412, 14998022, 116.290124
0.412, 13714127, 108.704563
0.412, 12684630, 101.142736
0.412, 12622389, 95.677729
0.412, 14079262, 109.520237
0.413, 12979282, 98.210904
0.413, 18493029, 140.119009
0.413, 14233679, 107.455746
0.413, 13153427, 98.310029
0.413, 14914159, 111.362475
0.414, 16324768, 121.220643
0.414, 12873177, 97.995007
0.414, 12932573, 96.533595
0.414, 14924552, 110.668792
0.414, 13984377, 103.61007
0.415, 13265121, 100.091951
0.415, 16841915, 131.239522
0.415, 16460874, 133.588147
0.415, 13805656, 113.369264
0.415, 16222067, 120.758386
0.416, 15185899, 113.998688
0.416, 12288318, 93.205034
0.416, 16249747, 120.043296
0.416, 12738510, 94.331006
0.416, 14934174, 111.125264
0.417, 13581908, 100.66616
0.417, 14647347, 109.209515
0.417, 14789907, 111.483878
0.417, 14554697, 112.162235
0.417, 15925461, 121.40668
0.418, 16152744, 122.754469
0.418, 17568600, 132.229264
0.418, 13391424, 102.434182
0.418, 14386533, 110.168647
0.418, 14588878, 110.968823
0.419, 14655074, 111.36709
0.419, 14949711, 113.14952
0.419, 14630046, 111.660674
0.419, 12675847, 97.012573
0.419, 13351277, 105.400844
0.42, 16916110, 126.285824
0.42, 14756912, 109.564517
0.42, 13040690, 98.968461
0.42, 15105134, 112.970334
0.42, 18644174, 138.832776
0.421, 14402646, 108.059305
0.421, 15359237, 120.035016
0.421, 13428649, 105.476044
0.421, 16306479, 124.468501
0.421, 13593016, 104.634428
0.422, 13938486, 104.6247
0.422, 13557353, 105.570102
0.422, 13062058, 100.594573
0.422, 17148879, 134.496963
0.422, 14992722, 117.680675
0.423, 12928828, 101.089335
0.423, 13224266, 102.479925
0.423, 14031553, 102.701615
0.423, 14498186, 106.094817
0.423, 13390598, 97.342247
0.424, 14030812, 105.8081
0.424, 13669856, 100.809279
0.424, 14202987, 105.987218
0.424, 16814988, 124.125584
0.424, 14803877, 105.908632
0.425, 13353910, 94.325522
0.425, 14323944, 102.375224
0.425, 14128820, 102.388868
0.425, 15120970, 109.445759
0.425, 14952402, 111.999623
0.426, 15312263, 113.480908
0.426, 15458731, 112.451512
0.426, 17042765, 125.066199
0.426, 13152615, 95.392772
0.426, 15750542, 114.309215
0.427, 13392372, 95.589627
0.427, 14785398, 107.286366
0.427, 15764025, 113.819914
0.427, 14283686, 104.671872
0.427, 15422501, 111.172049
0.428, 14870590, 107.601699
0.428, 13956866, 102.68535
0.428, 14675727, 106.727636
0.428, 15618498, 114.273896
0.428, 13389267, 97.888599
0.429, 14089942, 102.324754
0.429, 13881901, 101.479884
0.429, 13459723, 98.399907
0.429, 16402719, 118.672026
0.429, 14661112, 107.180861
0.43, 14605907, 105.965326
0.43, 17001502, 122.700792
0.43, 16403668, 118.396958
0.43, 14110029, 103.015595
0.43, 17048490, 125.693968
0.431, 13610387, 99.793742
0.431, 17658522, 129.461688
0.431, 17576166, 128.548954
0.431, 15006006, 110.958836
0.431, 14189262, 102.685784
0.432, 13428939, 98.171377
0.432, 13661914, 99.721732
0.432, 12878878, 94.176886
0.432, 15034985, 116.231216
0.432, 17735037, 132.250489
0.433, 18588540, 134.644933
0.433, 16942328, 124.289387
0.433, 14620620, 107.23138
0.433, 15666854, 115.345135
0.433, 16742955, 122.888579
0.434, 17551807, 128.827307
0.434, 16991944, 124.472185
0.434, 15283236, 113.410775
0.434, 15327791, 112.224839
0.434, 13959437, 101.982681
0.435, 15634184, 115.733194
0.435, 13886414, 99.90476
0.435, 14162238, 101.759057
0.435, 14570237, 105.67929
0.435, 15468687, 114.368171
0.436, 16023789, 117.817823
0.436, 15500321, 112.600097
0.436, 14821953, 111.66961
0.436, 17570665, 129.240117
0.436, 15288699, 110.652287
0.437, 15281026, 110.538103
0.437, 14476198, 103.430018
0.437, 14628305, 105.310843
0.437, 14740697, 106.935938
0.437, 15406930, 113.421723
0.438, 19537944, 144.383551
0.438, 14697202, 108.011066
0.438, 15390182, 112.867004
0.438, 14204908, 104.107536
0.438, 19374992, 139.393038
0.439, 15889681, 115.397899
0.439, 16138190, 117.484136
0.439, 16307281, 119.382358
0.439, 15253109, 109.853111
0.439, 14463278, 108.790369
0.44, 15219454, 109.981921
0.44, 14156721, 102.352688
0.44, 17691055, 126.519453
0.44, 17794299, 129.847712
0.44, 19048972, 138.426204
0.441, 13265976, 96.265164
0.441, 16365383, 115.509634
0.441, 16704482, 121.381313
0.441, 17162701, 125.488951
0.441, 17971664, 129.808362
0.442, 16658445, 121.855243
0.442, 16990875, 123.899603
0.442, 14341813, 105.393704
0.442, 16935048, 124.53458
0.442, 15162611, 111.84698
0.443, 15499666, 115.007059
0.443, 16840297, 124.011425
0.443, 14100456, 103.198863
0.443, 13886095, 100.893706
0.443, 15107565, 111.24552
0.444, 14859359, 109.902381
0.444, 15940784, 116.394526
0.444, 18466305, 135.507218
0.444, 15965224, 117.798638
0.444, 15247746, 113.71502
0.445, 15262984, 112.195494
0.445, 16079806, 119.345205
0.445, 16967964, 129.027303
0.445, 15279518, 114.690289
0.445, 20817466, 154.867539
0.446, 18070009, 131.15131
0.446, 17480196, 128.961378
0.446, 15568267, 118.814591
0.446, 18082432, 134.426685
0.446, 15628529, 117.342253
0.447, 16923054, 125.053231
0.447, 18860173, 139.106518
0.447, 15782725, 121.294853
0.447, 15604847, 117.075442
0.447, 15814747, 114.56871
0.448, 16515550, 119.086873
0.448, 14746172, 106.003759
0.448, 16073457, 115.633958
0.448, 17465315, 125.496565
0.448, 14546094, 104.367806
0.449, 18874645, 136.382466
0.449, 13379056, 98.17589
0.449, 15931694, 116.980665
0.449, 21769898, 160.553723
0.449, 14816056, 110.704845
0.45, 17710572, 131.717059
0.45, 16618921, 123.210472
0.45, 21389929, 157.374354
0.45, 17373114, 128.147515
0.45, 17836533, 131.784974
0.451, 16131104, 119.634963
0.451, 18785957, 138.655646
0.451, 15479050, 114.374859
0.451, 19392911, 143.102171
0.451, 15899234, 117.437913
0.452, 16655884, 123.80856
0.452, 18303134, 133.668333
0.452, 18555658, 134.337696
0.452, 16335647, 118.064679
0.452, 14742202, 108.340978
0.453, 17183344, 126.864207
0.453, 17226066, 127.748748
0.453, 17387378, 126.93852
0.453, 17884948, 130.985816
0.453, 16941596, 125.464515
0.454, 19288631, 146.788106
0.454, 17000226, 127.747268
0.454, 14844037, 108.569842
0.454, 16328835, 119.60005
0.454, 14534193, 104.693104
0.455, 14181331, 110.383192
0.455, 15625530, 124.484986
0.455, 17421315, 137.390339
0.455, 17295192, 126.454967
0.455, 19911408, 146.430868
0.456, 21330843, 147.499573
0.456, 20206629, 137.74513
0.456, 16325367, 111.121725
0.456, 15255888, 110.034187
0.456, 17344384, 136.386143
0.457, 17340320, 136.047026
0.457, 17288869, 120.9299
0.457, 19083677, 131.964642
