0.3, 76548, 0.397773
0.3, 54235, 0.28281
0.3, 50074, 0.259692
0.3, 57146, 0.298
0.3, 46092, 0.240598
0.3, 38093, 0.198923
0.3, 71993, 0.37557
0.3, 66570, 0.347089
0.3, 49895, 0.258869
0.3, 74412, 0.385666
0.35, 111218, 0.577718
0.35, 113474, 0.588685
0.35, 145932, 0.756201
0.35, 124423, 0.64681
0.35, 139504, 0.72327
0.35, 207630, 1.081208
0.35, 104384, 0.540259
0.35, 101086, 0.526615
0.35, 124209, 0.643341
0.35, 153302, 0.797035
0.4, 265505, 1.369547
0.4, 423626, 2.183844
0.4, 337627, 1.740771
0.4, 422590, 2.183467
0.4, 320535, 1.652962
0.4, 331838, 1.71155
0.4, 277227, 1.439485
0.4, 601650, 3.123773
0.4, 361291, 1.867393
0.4, 396650, 2.045104
0.45, 32672586, 168.513264
0.45, 6188540, 31.894472
0.45, 15665496, 80.596258
