0.3, 8544952, 64.44782
0.3, 8023505, 61.41102
0.3, 7367765, 56.409615
0.3, 9422050, 70.575943
0.35, 9957211, 74.086359
0.35, 11210066, 83.800856
0.35, 9652865, 72.023132
0.35, 9774539, 73.404487
0.4, 12466352, 93.91402
0.4, 12368028, 93.540669
0.4, 12135178, 90.761708
0.4, 12897511, 98.661428
0.45, 18186633, 137.357048
0.45, 17245912, 129.02261
0.45, 20830152, 151.828508
0.45, 21688915, 157.818824
0.5, 19282808, 139.981538
0.5, 21667590, 157.255824
0.5, 18568336, 134.564374
0.5, 20208404, 146.524023
