0.43, 3741967, 19.778166
0.43, 1007132, 5.314216
0.43, 2079478, 11.128594
0.43, 9080772, 47.779967
0.43, 1694187, 8.899041
0.435, 3778384, 19.948785
0.435, 4677832, 24.911512
0.435, 1943167, 10.695062
0.435, 2411127, 13.241131
0.435, 5644896, 30.219493
0.44, 24417579, 126.419586
0.44, 10932438, 55.93266
0.44, 8786213, 44.366987
0.44, 4903600, 24.737949
0.44, 4857041, 24.504849
0.445, 18765011, 96.758515
0.445, 10742587, 55.545828
0.445, 25206586, 130.75991
0.445, 36381708, 187.991299
0.445, 60448193, 332.278903
0.45, 10650477, 57.302451
0.45, 40346169, 215.121657
0.45, 50627240, 272.051549
0.45, 73644793, 409.106707
0.45, 63619090, 329.573238
